7.1764705882353e-02 8.0213903743316e-02 2.5294117647059e-01 3.3540106951872e-01 2.5967914438503e-01
5.9737991266376e-02 4.8471615720524e-02 1.3668122270742e-01 4.0803493449782e-01 3.4707423580786e-01
1.6497737556561e-01 9.4117647058823e-02 2.4624434389140e-01 3.0923076923077e-01 1.8542986425339e-01
9.1428571428571e-02 2.6788571428571e-01 2.4628571428571e-01 3.4377142857143e-01 5.0628571428571e-02
5.0442953020134e-01 1.4322147651007e-01 1.3033557046980e-01 1.9637583892617e-01 2.5637583892617e-02
6.1103448275862e-02 2.9351724137931e-01 1.8717241379310e-01 3.2841379310345e-01 1.2979310344828e-01
6.5600000000000e-01 7.7647058823529e-03 1.2964705882353e-01 1.8941176470588e-01 1.7176470588235e-02
1.9487179487179e-02 7.3846153846154e-02 2.3282051282051e-01 5.0810256410256e-01 1.6574358974359e-01
4.3144104803493e-02 1.8122270742358e-01 1.7912663755459e-01 4.8768558951965e-01 1.0882096069869e-01
3.3876288659794e-01 1.8969072164948e-02 1.8350515463918e-01 1.7237113402062e-01 2.8639175257732e-01
1.8961038961039e-02 5.6129870129870e-01 1.8701298701299e-01 2.1246753246753e-01 2.0259740259740e-02
7.1044776119403e-02 3.8606965174129e-02 1.8517412935323e-01 3.0527363184080e-01 3.9990049751244e-01
5.5471264367816e-01 2.2505747126437e-01 3.5632183908046e-02 5.4942528735632e-02 1.2965517241379e-01
3.4371859296482e-02 2.0974874371859e-01 1.4663316582915e-01 5.7899497487437e-01 3.0251256281407e-02
2.5798816568047e-02 2.4071005917160e-01 1.7029585798817e-01 5.0189349112426e-01 6.1301775147929e-02
2.1433628318584e-01 5.3876106194690e-01 7.5044247787611e-02 1.6902654867257e-01 2.8318584070797e-03
3.1633802816901e-01 2.0657276995305e-02 9.7464788732394e-02 2.7821596244131e-01 2.8732394366197e-01
2.7242718446602e-01 3.9805825242718e-02 2.2213592233010e-01 9.0873786407767e-02 3.7475728155340e-01
1.0702702702703e-02 2.8681081081081e-01 2.9308108108108e-01 3.7081081081081e-01 3.8594594594595e-02
5.0480349344978e-02 5.0043668122271e-02 3.4681222707424e-01 2.6820960698690e-01 2.8445414847162e-01
1.0693467336683e-01 5.0653266331658e-02 6.7537688442211e-02 5.1939698492462e-01 2.5547738693467e-01
1.0463576158940e-01 3.4066225165563e-01 1.7615894039735e-02 4.0860927152318e-01 1.2847682119205e-01
6.2834008097166e-02 1.2453441295547e-01 2.0801619433198e-01 3.1821862348178e-01 2.8639676113360e-01
5.8638743455497e-03 3.4450261780105e-02 1.4282722513089e-01 6.4984293193717e-01 1.6701570680628e-01
1.6042328042328e-01 1.6486772486772e-01 3.8201058201058e-01 1.4201058201058e-01 1.5068783068783e-01
6.7382716049383e-01 7.0370370370370e-02 5.2839506172840e-02 1.8148148148148e-01 2.1481481481481e-02
5.9796954314721e-02 7.1878172588833e-02 3.2710659898477e-01 4.0101522842640e-01 1.4020304568528e-01
4.3018867924528e-02 5.2037735849057e-01 4.0000000000000e-02 3.9056603773585e-01 6.0377358490566e-03
1.1038961038961e-01 2.0233766233766e-01 1.8857142857143e-01 4.5766233766234e-01 4.1038961038961e-02
4.7457627118644e-03 2.5593220338983e-01 2.7016949152542e-01 4.5118644067797e-01 1.7966101694915e-02
1.0178217821782e-01 8.5346534653465e-02 1.8613861386139e-02 6.8653465346535e-01 1.0772277227723e-01
1.6156097560976e-01 1.0614634146341e-01 3.6760975609756e-01 3.0224390243902e-01 6.2439024390244e-02
1.0887892376682e-01 1.2780269058296e-01 2.8520179372197e-01 4.1076233183857e-01 6.7354260089686e-02
1.1304347826087e-02 3.9130434782609e-02 2.4695652173913e-01 6.6260869565217e-01 4.0000000000000e-02
1.0391836734694e-01 1.2514285714286e-01 2.4718367346939e-01 3.9346938775510e-01 1.3028571428571e-01
1.8140540540541e-01 1.3881081081081e-01 2.6529729729730e-01 2.3481081081081e-01 1.7967567567568e-01
2.8860759493671e-02 1.7890295358650e-02 3.0995780590717e-01 4.1105485232067e-01 2.3223628691983e-01
2.6222222222222e-01 6.0483091787440e-02 2.8434782608696e-01 2.6086956521739e-01 1.3207729468599e-01
1.9016949152542e-01 1.4542372881356e-01 3.7288135593220e-03 4.1152542372881e-01 2.4915254237288e-01
6.2766798418972e-02 5.6284584980237e-02 1.7509881422925e-01 1.7422924901186e-01 5.3162055335968e-01
3.6561085972851e-02 3.1728506787330e-01 2.3583710407240e-01 3.2389140271493e-01 8.6425339366516e-02
9.9104477611940e-02 1.4029850746269e-02 4.4059701492537e-01 4.3611940298507e-01 1.0149253731343e-02
1.5447154471545e-02 1.4910569105691e-01 1.7235772357724e-02 8.1544715447154e-01 2.7642276422764e-03
3.0184049079755e-02 5.9963190184049e-01 8.2453987730061e-02 1.8760736196319e-01 1.0012269938650e-01
1.4640000000000e-01 4.5973333333333e-01 7.0666666666667e-02 3.1280000000000e-01 1.0400000000000e-02
1.6852173913043e-01 3.6626086956522e-01 1.8313043478261e-01 5.2521739130435e-02 2.2956521739130e-01
5.3008547008547e-01 1.4188034188034e-02 1.0444444444444e-01 2.0324786324786e-01 1.4803418803419e-01
1.6000000000000e-02 1.3221052631579e-01 2.0842105263158e-02 6.2778947368421e-01 2.0315789473684e-01
1.9945205479452e-01 1.7178082191781e-01 8.4931506849315e-02 4.4191780821918e-01 1.0191780821918e-01
8.0273972602740e-02 4.3954337899543e-01 1.6611872146119e-01 2.7625570776256e-01 3.7808219178082e-02
8.3028720626632e-02 3.7493472584856e-02 1.3112271540470e-01 4.0125326370757e-01 3.4710182767624e-01
2.5815899581590e-01 6.8117154811715e-02 1.2251046025105e-01 1.9389121338912e-01 3.5732217573222e-01
1.6074766355140e-02 7.3233644859813e-01 9.8317757009346e-02 1.3065420560748e-01 2.2616822429907e-02
1.3168316831683e-01 3.2673267326733e-01 3.3504950495050e-01 1.3762376237624e-01 6.8910891089109e-02
6.8493150684931e-02 1.0575342465753e-01 1.2127853881279e-01 5.4584474885845e-01 1.5863013698630e-01
1.1643835616438e-01 9.5890410958904e-02 1.1698630136986e-01 6.3315068493151e-01 3.7534246575343e-02
1.6433734939759e-01 6.5060240963855e-02 3.6192771084337e-01 2.2891566265060e-01 1.7975903614458e-01
1.6685990338164e-01 8.3478260869565e-02 1.1903381642512e-01 4.7603864734300e-01 1.5458937198068e-01
3.4117647058824e-02 2.8282352941176e-01 4.7341176470588e-01 1.9858823529412e-01 1.1058823529412e-02
2.3711340206186e-02 1.5360824742268e-01 8.7835051546392e-02 4.3030927835052e-01 3.0453608247423e-01
1.2808743169399e-01 1.3202185792350e-01 3.8874316939891e-01 2.6896174863388e-01 8.2185792349727e-02
1.7511111111111e-01 2.9318518518519e-01 1.2000000000000e-02 3.3674074074074e-01 1.8296296296296e-01
2.7699421965318e-01 3.7687861271676e-02 2.8554913294798e-01 2.4497109826590e-01 1.5479768786127e-01
1.8727272727273e-01 3.3212121212121e-01 9.0909090909091e-02 2.1127272727273e-01 1.7842424242424e-01
1.1111111111111e-02 6.6666666666667e-03 7.5555555555556e-03 8.1600000000000e-01 1.5866666666667e-01
5.1809523809524e-02 5.3561904761905e-01 1.6761904761905e-02 3.7352380952381e-01 2.2285714285714e-02
7.8873239436620e-03 3.3915492957746e-01 4.7887323943662e-03 6.4366197183099e-01 4.5070422535211e-03
2.3487179487179e-01 2.3897435897436e-02 1.6871794871795e-01 4.0738461538461e-01 1.6512820512821e-01
1.2203389830508e-02 5.9389830508475e-01 2.9830508474576e-02 3.5728813559322e-01 6.7796610169491e-03
2.9724770642202e-02 4.0256880733945e-01 2.8807339449541e-02 5.3541284403670e-01 3.4862385321101e-03
3.0215827338129e-02 2.1784172661871e-01 1.9107913669065e-01 5.1208633093525e-01 4.8776978417266e-02
1.2938967136150e-01 6.8262910798122e-02 2.4835680751174e-01 2.9652582159624e-01 2.5746478873239e-01
2.4000000000000e-02 3.6580645161290e-01 2.7548387096774e-01 2.9058064516129e-01 4.4129032258064e-02
4.7524752475248e-03 1.6752475247525e-01 5.4059405940594e-02 5.6594059405941e-01 2.0772277227723e-01
4.2314049586777e-02 4.8033057851240e-01 8.1322314049587e-02 3.6644628099174e-01 2.9586776859504e-02
3.2888888888889e-02 4.0222222222222e-01 1.8266666666667e-01 2.8133333333333e-01 1.0088888888889e-01
8.8950276243094e-02 4.1392265193370e-01 1.0110497237569e-01 2.3911602209945e-01 1.5690607734807e-01
2.0980645161290e-01 3.0451612903226e-02 3.7419354838710e-02 5.9045161290323e-01 1.3187096774194e-01
8.6567164179104e-03 5.1940298507463e-01 3.0298507462687e-01 1.4597014925373e-01 2.2985074626866e-02
4.7887323943662e-03 1.3690140845070e-01 2.0018779342723e-01 5.4300469483568e-01 1.1511737089202e-01
1.8334975369458e-01 1.4187192118227e-02 9.0935960591133e-02 1.6817733990148e-01 5.4334975369458e-01
7.5949367088608e-03 7.0911392405063e-01 2.6835443037975e-02 2.4354430379747e-01 1.2911392405063e-02
5.4716981132075e-02 8.7396226415094e-02 3.1200000000000e-01 3.4113207547170e-01 2.0475471698113e-01
4.0287769784173e-03 6.4431654676259e-01 2.3021582733813e-02 2.9366906474820e-01 3.4964028776978e-02
3.1578947368421e-02 9.3397129186603e-02 2.5014354066986e-01 2.0334928229665e-01 4.2153110047847e-01
1.5915492957746e-01 6.0093896713615e-02 1.4535211267606e-01 2.7323943661972e-01 3.6215962441315e-01
5.1567010309278e-01 2.4618556701031e-01 4.1855670103093e-02 1.9134020618557e-01 4.9484536082474e-03
3.1779141104294e-02 9.4355828220859e-02 1.3398773006135e-01 6.0601226993865e-01 1.3386503067485e-01
7.4771784232365e-02 3.3825726141079e-01 1.4962655601660e-01 3.8066390041494e-01 5.6680497925311e-02
5.8011049723757e-02 4.0751381215470e-01 2.6983425414365e-01 2.1546961325967e-01 4.9171270718232e-02
1.2033057851240e-01 3.4677685950413e-01 2.3123966942149e-01 2.9867768595041e-01 2.9752066115703e-03
1.2456456456456e-01 2.6258258258258e-01 1.4378378378378e-01 4.5831831831832e-01 1.0750750750751e-02
8.1076233183856e-02 2.6986547085202e-01 2.4609865470852e-01 3.0923766816143e-01 9.3721973094170e-02
1.6864864864865e-01 1.7459459459459e-01 8.2162162162162e-02 2.6216216216216e-01 3.1243243243243e-01
2.0969957081545e-01 2.1605150214592e-01 1.9098712446352e-01 3.0695278969957e-01 7.6309012875536e-02
1.4691588785047e-01 3.5196261682243e-01 2.4186915887850e-01 5.7757009345794e-02 2.0149532710280e-01
1.0273092369478e-01 1.1244979919679e-01 8.9799196787149e-02 2.4578313253012e-01 4.4923694779116e-01
4.4017467248908e-02 4.5868995633188e-01 2.6908296943231e-01 2.2401746724891e-01 4.1921397379913e-03
3.8391959798995e-02 4.8241206030151e-02 2.9698492462312e-01 3.7507537688442e-01 2.4130653266332e-01
8.1658986175115e-02 8.7926267281106e-02 3.9612903225806e-01 3.3539170506912e-01 9.8894009216590e-02
1.2888888888889e-01 1.6190476190476e-02 1.1682539682540e-01 2.8455026455026e-01 4.5354497354497e-01
2.4177777777778e-02 1.4417777777778e-01 1.9964444444444e-01 5.0124444444444e-01 1.3075555555556e-01
9.1974522292994e-02 2.4356687898089e-01 2.9770700636943e-01 2.7757961783439e-01 8.9171974522293e-02
8.4550264550265e-02 1.1968253968254e-01 2.6814814814815e-01 3.4486772486772e-01 1.8275132275132e-01
2.2439024390244e-03 9.8243902439024e-02 2.8370731707317e-01 4.8126829268293e-01 1.3453658536585e-01
1.9278350515464e-01 3.4886597938144e-01 3.2989690721649e-02 4.1175257731959e-01 1.3608247422680e-02
4.3062200956938e-02 2.2784688995215e-01 1.8095693779904e-01 5.0086124401914e-01 4.7272727272727e-02
1.6368000000000e-01 9.3600000000000e-02 1.0400000000000e-02 5.3376000000000e-01 1.9856000000000e-01
1.6084210526316e-01 3.4189473684211e-01 4.2105263157895e-03 4.7073684210526e-01 2.2315789473684e-02
8.9868995633188e-02 1.6209606986900e-01 1.7615720524017e-01 4.1659388646288e-01 1.5528384279476e-01
3.6233183856502e-02 2.1156950672646e-01 8.3677130044843e-02 5.9524663677130e-01 7.3273542600897e-02
2.1291139240506e-01 7.4177215189873e-02 1.9932489451477e-01 2.0514767932489e-01 3.0843881856540e-01
2.7184466019417e-03 7.5106796116505e-01 9.8252427184466e-02 1.1747572815534e-01 3.0485436893204e-02
2.1989743589744e-01 5.5384615384615e-03 2.1066666666667e-01 5.9179487179487e-02 5.0471794871795e-01
4.9350649350649e-03 5.9090909090909e-01 8.9090909090909e-02 3.0961038961039e-01 5.4545454545455e-03
5.0300429184549e-02 1.0300429184549e-01 2.4223175965665e-01 2.6721030042918e-01 3.3725321888412e-01
3.2894117647059e-01 2.7435294117647e-01 5.6470588235294e-02 2.8964705882353e-01 5.0588235294118e-02
2.5840490797546e-01 1.5766871165644e-01 2.9447852760736e-01 1.7815950920245e-01 1.1128834355828e-01
1.3245901639344e-01 1.0961748633880e-01 1.8229508196721e-01 3.4327868852459e-01 2.3234972677596e-01
1.9512195121951e-03 5.4569105691057e-01 1.6910569105691e-02 3.7512195121951e-01 6.0325203252033e-02
1.5881773399015e-01 9.6551724137931e-03 2.8807881773399e-01 3.0847290640394e-01 2.3497536945813e-01
2.9785407725322e-01 1.6240343347639e-01 3.9399141630901e-02 3.0755364806867e-01 1.9278969957082e-01
1.0345991561181e-01 2.0843881856540e-02 1.4000000000000e-01 3.6320675105485e-01 3.7248945147679e-01
5.1310344827586e-01 3.3448275862069e-01 5.9770114942529e-03 1.4091954022989e-01 5.5172413793103e-03
1.7320197044335e-01 1.9093596059113e-01 3.7379310344828e-01 1.6847290640394e-01 9.3596059113301e-02
9.5951417004049e-02 1.0137651821862e-01 2.4275303643725e-01 1.6987854251012e-01 3.9004048582996e-01
1.1871657754011e-02 1.2481283422460e-01 1.5818181818182e-01 3.7176470588235e-01 3.3336898395722e-01
5.6551724137931e-01 3.7931034482759e-02 1.8390804597701e-01 1.1494252873563e-01 9.7701149425287e-02
3.6235294117647e-01 1.1764705882353e-02 2.3372549019608e-01 1.5215686274510e-01 2.4000000000000e-01
1.0458015267176e-01 3.9068702290076e-01 1.6152671755725e-01 3.1251908396947e-01 3.0687022900763e-02
4.6461538461539e-01 1.8153846153846e-01 6.9230769230769e-02 2.5384615384615e-01 3.0769230769231e-02
4.1761658031088e-02 6.9430051813472e-02 2.1284974093264e-01 6.1088082901555e-01 6.5077720207254e-02
1.9510729613734e-01 8.9270386266094e-02 1.4506437768240e-01 3.0935622317597e-01 2.6120171673820e-01
4.3185840707965e-02 7.2707964601770e-01 2.3893805309735e-02 1.8991150442478e-01 1.5929203539823e-02
1.2336448598131e-01 3.3943925233645e-01 1.8953271028037e-01 3.3663551401869e-01 1.1028037383178e-02
1.6680412371134e-01 1.8969072164948e-01 1.8804123711340e-01 4.2185567010309e-01 3.3608247422680e-02
1.6344186046512e-01 2.0641860465116e-01 2.2390697674419e-01 3.6158139534884e-01 4.4651162790698e-02
6.0010152284264e-01 1.4456852791878e-01 4.7817258883249e-02 1.0842639593909e-01 9.9086294416244e-02
1.1200000000000e-02 3.3973333333333e-01 1.3893333333333e-01 4.9413333333333e-01 1.6000000000000e-02
6.3798882681564e-02 9.1843575418994e-02 2.0011173184358e-01 2.2625698324022e-01 4.1798882681564e-01
5.7581395348837e-02 1.6465116279070e-02 2.3144186046512e-01 5.8883720930233e-01 1.0567441860465e-01
2.3016759776536e-01 6.1005586592179e-02 1.1720670391061e-01 2.6379888268156e-01 3.2782122905028e-01
3.0331753554502e-03 8.1895734597156e-02 3.6417061611374e-01 4.3146919431280e-01 1.1943127962085e-01
2.9931034482759e-02 2.6827586206897e-01 1.2234482758621e-01 5.4303448275862e-01 3.6413793103448e-02
1.6763636363636e-01 6.6072727272727e-01 2.6181818181818e-02 1.4036363636364e-01 5.0909090909091e-03
3.0630630630631e-03 5.4396396396396e-01 1.1531531531532e-01 3.1369369369369e-01 2.3963963963964e-02
1.2083720930233e-01 7.9627906976744e-02 1.4734883720930e-01 3.4893023255814e-01 3.0325581395349e-01
5.0954128440367e-01 1.0146788990826e-01 1.0165137614679e-01 2.2440366972477e-01 6.2935779816514e-02
1.6842553191489e-01 9.6170212765957e-02 2.9387234042553e-01 2.0348936170213e-01 2.3804255319149e-01
4.0941176470588e-02 1.4094117647059e-01 3.6235294117647e-02 2.9011764705882e-01 4.9176470588235e-01
1.5680000000000e-01 1.0274285714286e-01 1.5725714285714e-01 2.0297142857143e-01 3.8022857142857e-01
4.6666666666667e-02 7.8148148148148e-01 1.3333333333333e-02 1.2666666666667e-01 3.1851851851852e-02
1.0560846560847e-01 2.3015873015873e-01 9.2910052910053e-02 3.8624338624339e-01 1.8507936507937e-01
8.4571428571429e-02 2.4720000000000e-01 1.5885714285714e-02 5.1851428571429e-01 1.3382857142857e-01
7.4634146341463e-02 7.8829268292683e-02 1.6214634146341e-01 5.9531707317073e-01 8.9073170731707e-02
1.7977528089888e-02 6.8831460674157e-01 2.6292134831461e-02 1.7887640449438e-01 8.8539325842697e-02
3.5294117647059e-03 6.4614379084967e-01 2.4575163398693e-02 2.5019607843137e-01 7.5555555555555e-02
1.3455399061033e-01 2.4854460093897e-01 1.4976525821596e-01 1.4441314553991e-01 3.2272300469484e-01
4.0000000000000e-02 3.5639810426540e-02 3.6464454976303e-01 4.2796208530806e-01 1.3175355450237e-01
5.4978354978355e-02 9.2207792207792e-02 2.0831168831169e-01 5.6493506493507e-01 7.9567099567100e-02
5.7094017094017e-02 6.9658119658120e-01 2.7350427350427e-02 2.1572649572650e-01 3.2478632478632e-03
7.6328502415459e-02 1.1159420289855e-01 2.1120772946860e-01 4.0347826086957e-01 1.9739130434783e-01
5.8142076502732e-02 3.9125683060109e-02 1.5442622950820e-01 5.3715846994536e-01 2.1114754098361e-01
6.5098901098901e-01 4.1318681318681e-02 1.1032967032967e-01 1.5956043956044e-01 3.7802197802198e-02
1.0452674897119e-02 6.6995884773663e-02 2.6790123456790e-01 3.3547325102881e-01 3.1917695473251e-01
6.7834101382488e-02 5.5391705069124e-02 1.8267281105991e-01 4.3142857142857e-01 2.6267281105991e-01
5.9094650205761e-02 2.3539094650206e-02 1.4304526748971e-01 3.8271604938272e-01 3.9160493827161e-01
5.5111111111111e-02 4.8000000000000e-02 5.7777777777778e-03 5.6800000000000e-01 3.2311111111111e-01
1.9764705882353e-01 2.0470588235294e-01 3.6776470588235e-01 2.2588235294118e-01 4.0000000000000e-03
4.1712000000000e-01 1.2528000000000e-01 9.2320000000000e-02 7.0080000000000e-02 2.9520000000000e-01
5.4470588235294e-01 1.1283422459893e-01 3.2834224598930e-02 2.2459893048128e-01 8.5026737967915e-02
4.5655172413793e-02 3.9668965517241e-01 3.4758620689655e-02 5.0082758620690e-01 2.2068965517241e-02
5.4511627906977e-02 1.4660465116279e-01 2.1181395348837e-01 3.3060465116279e-01 2.5646511627907e-01
6.0547368421053e-01 8.1894736842105e-02 1.3473684210526e-02 1.6905263157895e-01 1.3010526315789e-01
8.6075949367089e-03 5.1265822784810e-01 1.4708860759494e-01 2.8000000000000e-01 5.1645569620253e-02
2.3859649122807e-02 8.5754385964912e-01 7.7192982456140e-03 9.6140350877193e-02 1.4736842105263e-02
1.8165938864629e-01 1.6174672489083e-01 2.4558951965066e-01 1.9353711790393e-01 2.1746724890830e-01
6.0402684563758e-03 3.0630872483221e-01 5.0778523489933e-01 1.7288590604027e-01 6.9798657718121e-03
7.9447513812155e-02 5.6795580110497e-02 2.8110497237569e-01 4.4320441988950e-01 1.3944751381215e-01
9.4497816593886e-02 4.4366812227074e-02 9.5807860262009e-02 4.8882096069869e-01 2.7650655021834e-01
1.4672000000000e-01 2.5328000000000e-01 1.2880000000000e-01 2.1408000000000e-01 2.5712000000000e-01
2.7184466019417e-02 1.3669902912621e-01 1.8252427184466e-02 6.7786407766990e-01 1.4000000000000e-01
1.8046948356808e-01 3.5840375586854e-01 2.7042253521127e-01 9.8873239436620e-02 9.1830985915493e-02
1.9623036649215e-01 2.0732984293194e-02 1.8240837696335e-01 1.7591623036649e-01 4.2471204188482e-01
1.9310344827586e-02 2.0919540229885e-01 1.3333333333333e-02 6.8666666666667e-01 7.1494252873563e-02
7.3469387755102e-03 3.1482993197279e-01 6.0272108843537e-02 5.2544217687075e-01 9.2108843537415e-02
2.1362318840580e-01 1.0434782608696e-02 1.8057971014493e-01 3.4579710144928e-01 2.4956521739130e-01
1.1972789115646e-02 1.2340136054422e-01 3.0353741496599e-01 4.4530612244898e-01 1.1578231292517e-01
8.6956521739130e-03 3.2191304347826e-01 2.5686956521739e-01 2.4052173913043e-01 1.7200000000000e-01
6.0444444444444e-02 5.3748148148148e-01 5.4814814814815e-03 3.9466666666667e-01 1.9259259259259e-03
2.2068965517241e-03 5.2786206896552e-01 2.5503448275862e-01 2.1186206896552e-01 3.0344827586207e-03
9.6623376623377e-02 7.4372294372294e-02 3.1480519480519e-01 3.2917748917749e-01 1.8502164502164e-01
4.0426229508197e-01 1.1781420765027e-01 2.2655737704918e-01 2.0972677595628e-01 4.1639344262295e-02
1.2018691588785e-01 5.4598130841122e-01 4.5046728971963e-02 2.4934579439252e-01 3.9439252336449e-02
2.3025380710660e-01 8.6497461928934e-02 3.2091370558376e-01 2.4050761421320e-01 1.2182741116751e-01
2.8544600938967e-02 7.1643192488263e-02 4.1661971830986e-01 3.8046948356808e-01 1.0272300469484e-01
6.5860465116279e-02 2.3934883720930e-01 1.7237209302326e-01 5.1209302325581e-01 1.0325581395349e-02
1.0009132420091e-01 9.2602739726027e-02 9.7168949771689e-02 4.0840182648402e-01 3.0173515981735e-01
5.7142857142857e-03 5.8527472527473e-01 8.5494505494505e-02 3.2043956043956e-01 3.0769230769231e-03
4.9730496453901e-01 8.3687943262411e-03 2.9645390070922e-02 1.9943262411348e-01 2.6524822695035e-01
5.3132075471698e-01 3.6679245283019e-01 3.4339622641510e-02 2.1886792452830e-02 4.5660377358491e-02
6.2929577464789e-01 6.4507042253521e-02 1.4394366197183e-01 5.5774647887324e-02 1.0647887323944e-01
8.7513227513227e-02 4.8783068783069e-02 2.4613756613757e-01 5.9566137566138e-01 2.1904761904762e-02
4.5869158878505e-01 2.9158878504673e-02 2.4112149532710e-01 2.6448598130841e-01 6.5420560747664e-03
1.7549738219895e-01 2.8450261780105e-01 3.0471204188482e-01 1.4900523560209e-01 8.6282722513089e-02
7.1515151515152e-03 3.0896969696970e-01 8.4121212121212e-02 5.7454545454545e-01 2.5212121212121e-02
1.3342723004695e-01 2.2075117370892e-01 3.7061032863850e-01 1.7004694835681e-01 1.0516431924883e-01
3.7832512315271e-02 8.2857142857143e-02 4.2660098522167e-01 3.3497536945813e-01 1.1773399014778e-01
6.0869565217391e-03 1.2309178743961e-01 2.9913043478261e-01 5.2512077294686e-01 4.6570048309179e-02
3.3684210526316e-02 2.2436090225564e-01 2.7052631578947e-01 4.3834586466165e-01 3.3082706766917e-02
6.4060913705584e-02 9.3096446700508e-02 1.7512690355330e-01 4.2802030456853e-01 2.3969543147208e-01
1.7027450980392e-01 8.4313725490196e-02 1.5984313725490e-01 2.3035294117647e-01 3.5521568627451e-01
1.6338028169014e-02 1.4253521126761e-01 9.0985915492958e-02 7.4028169014085e-01 9.8591549295775e-03
1.4814814814815e-02 7.0864197530864e-02 1.2543209876543e-01 5.6691358024691e-01 2.2197530864198e-01
2.0271186440678e-01 1.7220338983051e-01 4.3050847457627e-02 5.7457627118644e-01 7.4576271186441e-03
8.0213903743316e-02 8.4812834224599e-02 3.1925133689840e-01 3.8331550802139e-01 1.3240641711230e-01
2.2835555555556e-01 1.2035555555556e-01 2.6257777777778e-01 2.1475555555556e-01 1.7395555555556e-01
5.9459459459459e-03 4.6378378378378e-01 3.0270270270270e-02 3.6000000000000e-01 1.4000000000000e-01
5.8064516129032e-03 4.5591397849462e-01 2.5913978494624e-01 2.7698924731183e-01 2.1505376344086e-03
3.2252252252252e-02 2.4972972972973e-01 9.7837837837838e-02 6.0216216216216e-01 1.8018018018018e-02
3.5714285714286e-01 1.1272727272727e-01 2.2987012987013e-01 1.1662337662338e-01 1.8363636363636e-01
1.0632911392405e-02 3.3468354430380e-01 5.4683544303797e-02 5.6987341772152e-01 3.0126582278481e-02
3.5324675324675e-02 1.4303030303030e-01 8.8138528138528e-02 6.8588744588745e-01 4.7619047619048e-02
3.6974789915966e-03 2.5663865546218e-01 8.9243697478992e-02 5.4352941176471e-01 1.0689075630252e-01
1.2429906542056e-01 4.0728971962617e-01 3.7383177570093e-03 3.8168224299065e-01 8.2990654205607e-02
1.2747252747253e-02 9.9780219780220e-02 8.4615384615385e-02 5.5032967032967e-01 2.5252747252747e-01
1.7893048128342e-01 9.9786096256685e-02 1.5850267379679e-01 2.1112299465241e-01 3.5165775401070e-01
7.2446351931330e-02 1.6592274678112e-01 1.6454935622318e-01 1.7012875536481e-01 4.2695278969957e-01
1.2112994350282e-01 1.5378531073446e-01 3.5378531073446e-01 2.9887005649718e-01 7.2429378531073e-02
6.3356321839080e-01 2.3908045977011e-01 4.6666666666667e-02 6.8045977011494e-02 1.2643678160920e-02
3.4127659574468e-01 1.7361702127660e-01 2.2553191489362e-02 2.8042553191489e-01 1.8212765957447e-01
2.0427807486631e-02 1.5069518716578e-01 1.1893048128342e-01 5.5711229946524e-01 1.5283422459893e-01
1.2748538011696e-02 1.7543859649123e-01 2.0409356725146e-01 5.4140350877193e-01 6.6315789473684e-02
2.4751322751323e-01 7.7460317460317e-02 3.4846560846561e-01 1.4518518518519e-01 1.8137566137566e-01
7.5912408759124e-03 5.9445255474453e-01 1.2759124087591e-01 2.6233576642336e-01 8.0291970802920e-03
4.2487562189055e-02 8.8557213930348e-02 2.2835820895522e-01 2.9910447761194e-01 3.4149253731343e-01
3.1007751937985e-02 7.3395348837209e-01 7.9689922480620e-02 1.3178294573643e-01 2.3565891472868e-02
2.4579234972678e-01 1.1912568306011e-01 4.5901639344262e-03 1.6688524590164e-01 4.6360655737705e-01
7.9393939393939e-02 6.3272727272727e-02 3.9127272727273e-01 3.8218181818182e-01 8.3878787878788e-02
5.3953488372093e-02 1.1441860465116e-01 2.4390697674419e-01 4.6902325581395e-01 1.1869767441860e-01
4.4102564102564e-02 4.8000000000000e-02 2.8225641025641e-01 3.1682051282051e-01 3.0882051282051e-01
1.5014218009479e-01 1.2360189573460e-01 9.2985781990521e-02 2.7800947867299e-01 3.5526066350711e-01
3.7462365591398e-01 7.9569892473119e-03 1.9634408602151e-01 3.0043010752688e-01 1.2064516129032e-01
4.2201834862385e-03 6.3798165137615e-01 1.5412844036697e-02 3.3963302752294e-01 2.7522935779817e-03
1.9574879227053e-01 5.3913043478261e-02 3.8763285024155e-01 2.3855072463768e-01 1.2415458937198e-01
3.3276595744681e-02 1.3719148936170e-01 1.9438297872340e-01 4.2025531914894e-01 2.1489361702128e-01
2.3107692307692e-01 2.1917948717949e-01 1.8687179487179e-01 1.5948717948718e-01 2.0338461538462e-01
1.1461224489796e-01 5.5428571428571e-02 1.1248979591837e-01 1.7836734693878e-01 5.3910204081633e-01
1.1298701298701e-01 5.4285714285714e-02 2.4467532467532e-01 1.6562770562771e-01 4.2242424242424e-01
9.7440758293839e-02 5.8672985781990e-02 3.0379146919431e-01 2.4246445497630e-01 2.9763033175355e-01
1.4782608695652e-02 9.6521739130435e-02 1.6782608695652e-01 7.0434782608696e-01 1.6521739130435e-02
1.1247311827957e-01 6.4365591397849e-01 4.9462365591398e-03 1.3333333333333e-01 1.0559139784946e-01
1.8986547085202e-01 6.7264573991031e-03 1.6349775784753e-01 2.0654708520179e-01 4.3336322869955e-01
1.9553299492386e-01 2.4903553299492e-01 2.1421319796954e-01 1.1705583756345e-01 2.2416243654822e-01
5.3146853146853e-03 2.1944055944056e-01 4.8097902097902e-01 2.1118881118881e-01 8.3076923076923e-02
5.1568627450980e-01 2.4784313725490e-01 1.3843137254902e-01 7.6078431372549e-02 2.1960784313725e-02
1.5949238578680e-01 5.7055837563452e-02 1.5522842639594e-01 3.8598984771574e-01 2.4223350253807e-01
2.0483091787440e-02 3.2241545893720e-01 1.5362318840580e-01 4.2154589371981e-01 8.1932367149758e-02
3.4044444444444e-01 4.0711111111111e-01 9.2888888888889e-02 4.4444444444444e-02 1.1511111111111e-01
1.8080000000000e-02 5.2176000000000e-01 8.0640000000000e-02 1.3200000000000e-01 2.4752000000000e-01
1.2643902439024e-01 7.8048780487805e-02 9.0048780487805e-02 1.3600000000000e-01 5.6946341463415e-01
1.7731958762887e-01 4.1381443298969e-01 1.5587628865979e-01 2.4865979381443e-01 4.3298969072165e-03
6.1290322580645e-02 2.9216589861751e-02 1.7935483870968e-01 3.1105990783410e-01 4.1907834101382e-01
1.4666666666667e-01 1.7333333333333e-01 2.5333333333333e-01 2.3333333333333e-01 1.9333333333333e-01
9.4678899082569e-02 6.7412844036697e-01 2.2385321100917e-02 2.0403669724771e-01 4.7706422018349e-03
1.4156424581006e-01 7.3519553072626e-02 9.8100558659218e-02 3.2335195530726e-01 3.6346368715084e-01
1.3824884792627e-02 1.9852534562212e-01 4.4516129032258e-01 2.4018433179724e-01 1.0230414746544e-01
1.0400000000000e-01 4.7005128205128e-01 3.3743589743590e-02 2.9117948717949e-01 1.0102564102564e-01
1.9006211180124e-02 9.1925465838509e-02 2.6211180124224e-02 6.5590062111801e-01 2.0695652173913e-01
1.4421052631579e-01 2.9614035087719e-01 7.1695906432749e-02 3.9602339181287e-01 9.1929824561404e-02
1.1681415929204e-02 5.3345132743363e-01 2.2035398230088e-01 2.2371681415929e-01 1.0796460176991e-02
3.3286956521739e-01 2.4713043478261e-01 9.1652173913043e-02 1.8017391304348e-01 1.4817391304348e-01
9.8728323699422e-02 4.6358381502890e-02 9.4797687861272e-03 6.0265895953757e-01 2.4277456647399e-01
4.8908296943231e-02 1.1310043668122e-01 3.0148471615721e-01 3.1441048034934e-01 2.2209606986900e-01
5.0738916256158e-02 1.4778325123153e-02 1.3221674876847e-01 3.6571428571429e-01 4.3655172413793e-01
3.2811594202899e-01 4.3478260869565e-02 3.4173913043478e-01 2.5768115942029e-01 2.8985507246377e-02
9.6512820512821e-02 2.2666666666667e-02 3.3835897435897e-01 3.1692307692308e-01 2.2553846153846e-01
1.1094170403587e-01 4.4753363228700e-02 1.0466367713004e-01 2.0430493273543e-01 5.3533632286996e-01
7.5555555555556e-03 4.4755555555556e-01 6.5777777777778e-02 4.7244444444444e-01 6.6666666666667e-03
7.1275167785235e-02 1.3140939597315e-01 1.7825503355705e-01 5.3449664429530e-01 8.4563758389262e-02
1.9107344632768e-01 1.8316384180791e-01 1.8463276836158e-01 1.5785310734463e-01 2.8327683615819e-01
3.9768786127168e-02 7.2716763005780e-02 1.9768786127168e-01 4.7260115606936e-01 2.1722543352601e-01
1.4331797235023e-01 4.1290322580645e-02 2.0737327188940e-01 4.7548387096774e-01 1.3253456221198e-01
1.5012048192771e-01 2.0803212851406e-02 2.5060240963855e-01 3.6385542168675e-01 2.1461847389558e-01
2.3434343434343e-02 3.8181818181818e-01 4.1818181818182e-02 5.3494949494949e-01 1.7979797979798e-02
1.2486772486772e-01 7.3989417989418e-01 2.8571428571429e-03 5.3650793650794e-02 7.8730158730159e-02
1.0347305389222e-01 1.1688622754491e-01 3.4970059880240e-01 3.1437125748503e-01 1.1556886227545e-01
6.1386138613861e-03 4.3940594059406e-01 2.9425742574257e-01 1.5960396039604e-01 1.0059405940594e-01
1.4488888888889e-01 5.0488888888889e-02 1.1324444444444e-01 2.0471111111111e-01 4.8666666666667e-01
2.3300970873786e-03 2.2330097087379e-02 3.8834951456311e-03 6.8563106796117e-01 2.8582524271845e-01
1.3207207207207e-01 4.5711711711712e-01 4.9729729729730e-02 9.7837837837838e-02 2.6324324324324e-01
1.5958847736626e-01 6.3786008230453e-02 1.9045267489712e-01 2.8864197530864e-01 2.9753086419753e-01
2.4448000000000e-01 7.5040000000000e-02 8.7360000000000e-02 5.7360000000000e-01 1.9520000000000e-02
2.7605633802817e-02 6.6591549295775e-01 2.1690140845070e-02 2.2028169014085e-01 6.4507042253521e-02
1.4248927038627e-02 2.3545064377682e-01 2.9004291845494e-01 3.5716738197425e-01 1.0309012875536e-01
1.3246073298429e-01 5.0680628272251e-02 6.6387434554974e-02 3.0335078534031e-01 4.4712041884817e-01
6.1521912350598e-01 6.2390438247012e-02 4.6772908366534e-02 1.3537848605578e-01 1.4023904382470e-01
9.2734082397004e-02 3.5580524344569e-02 1.6936329588015e-01 3.9580524344569e-01 3.0651685393258e-01
2.2424242424242e-02 3.3272727272727e-01 4.2424242424243e-03 6.1555555555556e-01 2.5050505050505e-02
1.7468354430380e-02 3.0379746835443e-03 4.0666666666667e-01 3.4759493670886e-01 2.2523206751055e-01
4.0705882352941e-02 6.5082352941177e-01 3.8352941176471e-02 2.6282352941176e-01 7.2941176470588e-03
7.5927601809955e-02 3.5113122171946e-02 2.0533936651584e-01 2.5402714932127e-01 4.2959276018100e-01
3.0828729281768e-02 4.5414364640884e-02 9.1381215469613e-02 4.1580110497238e-01 4.1657458563536e-01
3.6893203883495e-03 4.5417475728155e-01 1.9805825242719e-02 5.2019417475728e-01 2.1359223300971e-03
3.3831325301205e-01 1.3734939759036e-02 4.0963855421687e-03 1.6698795180723e-01 4.7686746987952e-01
8.2666666666667e-03 5.0106666666667e-01 1.3866666666667e-02 4.5146666666667e-01 2.5333333333333e-02
6.1347150259067e-02 8.1865284974093e-02 3.9129533678756e-01 2.8943005181347e-01 1.7606217616580e-01
1.1655629139073e-02 3.1642384105960e-01 2.5364238410596e-01 2.9390728476821e-01 1.2437086092715e-01
1.2764044943820e-01 3.2157303370787e-01 3.0337078651685e-02 5.1438202247191e-01 6.0674157303371e-03
1.3492682926829e-01 1.7268292682927e-02 1.8829268292683e-01 4.5502439024390e-01 2.0448780487805e-01
1.6296296296296e-02 4.6266666666667e-01 1.1259259259259e-01 3.5540740740741e-01 5.3037037037037e-02
9.4378378378378e-02 5.8810810810811e-02 1.4908108108108e-01 3.7891891891892e-01 3.1881081081081e-01
4.2619718309859e-01 8.8450704225352e-02 1.5267605633803e-01 2.6760563380282e-01 6.5070422535211e-02
2.5745856353591e-02 2.2994475138122e-01 9.2817679558011e-02 5.4077348066298e-01 1.1071823204420e-01
4.6138613861386e-02 6.2831683168317e-01 2.9306930693069e-02 2.8079207920792e-01 1.5445544554455e-02
3.8709677419355e-02 4.6516129032258e-01 2.5806451612903e-02 3.1096774193548e-01 1.5935483870968e-01
9.9619047619048e-02 5.3047619047619e-01 1.1942857142857e-01 2.4361904761905e-01 6.8571428571428e-03
1.1120000000000e-01 3.4222222222222e-02 1.8524444444444e-01 3.6888888888889e-01 3.0044444444444e-01
2.1263157894737e-02 1.3473684210526e-01 1.3263157894737e-01 4.6105263157895e-01 2.5031578947368e-01
3.8512820512821e-01 1.4034188034188e-01 1.1692307692308e-01 2.0102564102564e-01 1.5658119658120e-01
1.5916167664671e-01 1.5808383233533e-02 1.5185628742515e-01 4.9425149700599e-01 1.7892215568862e-01
2.8453608247423e-02 5.9484536082474e-01 7.9175257731959e-02 2.5072164948454e-01 4.6804123711340e-02
1.4341013824885e-01 5.5391705069124e-02 5.0046082949309e-02 1.8147465437788e-01 5.6967741935484e-01
8.8010075566751e-02 5.5158690176322e-01 2.4685138539043e-02 2.0221662468514e-01 1.3350125944584e-01
1.2214592274678e-01 1.3356223175966e-01 2.1124463519313e-01 4.5484978540773e-01 7.8197424892704e-02
6.1524663677130e-02 9.9103139013453e-02 3.0071748878924e-01 4.6107623318386e-01 7.7578475336323e-02
6.7594936708861e-01 3.2658227848101e-02 7.3417721518987e-02 1.1316455696203e-01 1.0481012658228e-01
1.4129353233831e-02 9.6119402985075e-02 3.7293532338308e-01 4.3671641791045e-01 8.0099502487562e-02
1.2232044198895e-01 2.7127071823204e-01 2.5303867403315e-01 3.1469613259668e-01 3.8674033149171e-02
1.9349593495935e-02 4.2341463414634e-01 1.6894308943089e-01 1.9886178861789e-01 1.8943089430894e-01
4.5248868778281e-03 8.7149321266968e-02 1.5855203619909e-01 6.5728506787330e-01 9.2488687782805e-02
8.7192118226601e-02 3.8344827586207e-01 2.6206896551724e-01 1.5389162561576e-01 1.1339901477833e-01
6.5603864734299e-02 1.1178743961353e-01 4.6280193236715e-02 5.6995169082126e-01 2.0637681159420e-01
1.3457627118644e-01 2.8203389830508e-01 2.3898305084746e-01 3.2677966101695e-01 1.7627118644068e-02
4.8717948717949e-02 1.3692307692308e-01 2.0205128205128e-01 4.9117948717949e-01 1.2112820512821e-01
7.6453900709220e-02 1.6553191489362e-01 5.4468085106383e-01 1.9390070921986e-01 1.9432624113475e-02
3.5443037974684e-03 6.0278481012658e-01 4.5569620253165e-02 3.4202531645570e-01 6.0759493670886e-03
1.0508474576271e-02 9.2542372881356e-02 1.6983050847458e-01 6.7694915254237e-01 5.0169491525424e-02
8.2046511627907e-02 1.9934883720930e-01 1.4772093023256e-01 4.5283720930233e-01 1.1804651162791e-01
7.0352941176471e-02 3.3482352941176e-01 2.0000000000000e-02 3.9788235294118e-01 1.7694117647059e-01
1.4666666666667e-01 5.9574468085106e-02 2.6765957446809e-01 3.0014184397163e-01 2.2595744680851e-01
5.1200000000000e-03 2.2672000000000e-01 2.6080000000000e-02 6.5760000000000e-01 8.4480000000000e-02
6.7167630057803e-02 1.2127167630058e-01 2.5734104046243e-01 4.8000000000000e-01 7.4219653179191e-02
8.0701754385965e-03 3.7824561403509e-01 5.6140350877193e-03 5.2631578947368e-01 8.1754385964912e-02
1.1962264150943e-01 1.6377358490566e-01 2.3622641509434e-01 3.6943396226415e-01 1.1094339622642e-01
1.5108433734940e-01 4.8578313253012e-01 3.3734939759036e-03 3.5662650602410e-01 3.1325301204819e-03
4.2961832061069e-01 8.0916030534351e-03 1.4503816793893e-02 3.6030534351145e-01 1.8748091603053e-01
2.5333333333333e-01 3.6784313725490e-01 1.0588235294118e-02 1.5921568627451e-01 2.0901960784314e-01
4.9180327868852e-01 7.9234972677596e-02 1.3759562841530e-01 2.8010928961749e-01 1.1256830601093e-02
2.2222222222222e-03 6.5846153846154e-01 2.6512820512820e-01 2.5982905982906e-02 4.8205128205128e-02
2.3030303030303e-02 2.5818181818182e-02 3.8969696969697e-01 4.9248484848485e-01 6.8969696969697e-02
2.1391304347826e-02 5.0365217391304e-01 9.2173913043478e-03 4.6400000000000e-01 1.7391304347826e-03
1.6276422764228e-01 2.4439024390244e-01 6.6016260162602e-02 3.4341463414634e-01 1.8341463414634e-01
1.6172248803828e-02 1.7205741626794e-01 3.5157894736842e-01 3.5636363636364e-01 1.0382775119617e-01
3.6645161290323e-01 1.2903225806452e-02 6.1935483870968e-02 1.4709677419355e-01 4.1161290322581e-01
2.0923076923077e-01 3.7213675213675e-01 1.3623931623932e-01 2.3111111111111e-01 5.1282051282051e-02
4.8000000000000e-03 3.4000000000000e-01 1.4400000000000e-02 3.5813333333333e-01 2.8266666666667e-01
9.3333333333333e-02 2.2000000000000e-01 2.4666666666667e-01 2.3333333333333e-01 2.0666666666667e-01
3.0171428571429e-01 6.1371428571429e-02 5.2800000000000e-02 2.4902857142857e-01 3.3508571428571e-01
4.4510638297872e-02 3.2246808510638e-01 9.3361702127660e-02 4.6578723404255e-01 7.3872340425532e-02
6.4606060606061e-02 2.4484848484848e-02 2.3163636363636e-01 5.1793939393939e-01 1.6133333333333e-01
4.3160493827160e-01 1.7555555555556e-01 1.1753086419753e-01 3.2592592592593e-02 2.4271604938272e-01
1.7653543307087e-01 3.0188976377953e-01 9.1653543307087e-02 4.0031496062992e-01 2.9606299212598e-02
4.9042145593870e-02 3.1831417624521e-01 1.8950191570881e-01 3.0766283524904e-01 1.3547892720307e-01
2.8171779141104e-01 1.2564417177914e-01 2.6220858895706e-01 1.1521472392638e-01 2.1521472392638e-01
1.8476683937824e-01 4.1554404145078e-02 1.2569948186528e-01 3.5751295336788e-01 2.9046632124352e-01
9.9572192513369e-02 1.3989304812834e-01 2.3957219251337e-01 3.0802139037433e-01 2.1294117647059e-01
1.1683168316832e-02 1.6594059405941e-01 3.2673267326733e-01 3.8316831683168e-01 1.1247524752475e-01
4.3933054393305e-02 7.5062761506276e-02 3.2267782426778e-01 2.9372384937238e-01 2.6460251046025e-01
5.8273504273504e-01 7.6239316239316e-02 3.0769230769231e-02 2.6495726495726e-01 4.5299145299145e-02
3.7899497487437e-01 2.4502512562814e-01 3.3165829145729e-03 2.6291457286432e-01 1.0974874371859e-01
8.3934426229508e-02 1.3147540983607e-01 8.7213114754098e-02 6.0819672131148e-01 8.9180327868852e-02
1.6580310880829e-01 5.6787564766839e-02 2.0839378238342e-01 2.8217616580311e-01 2.8683937823834e-01
3.4311111111111e-02 2.5768888888889e-01 2.6560000000000e-01 3.3662222222222e-01 1.0577777777778e-01
4.2790419161677e-01 2.9892215568862e-01 1.4227544910180e-01 1.1712574850299e-01 1.3772455089820e-02
7.2968036529680e-02 3.4063926940639e-01 2.3872146118721e-01 2.4958904109589e-01 9.8082191780822e-02
6.0000000000000e-02 5.1902439024390e-01 9.9024390243902e-02 5.3658536585366e-02 2.6829268292683e-01
4.1182266009852e-02 1.9389162561576e-01 2.2798029556650e-01 5.0187192118227e-01 3.5073891625616e-02
5.9116022099448e-02 4.9502762430939e-02 2.3558011049724e-01 6.0397790055249e-01 5.1823204419890e-02
1.7605633802817e-01 9.9624413145540e-02 1.8525821596244e-01 1.6253521126761e-01 3.7652582159624e-01
3.8385093167702e-02 5.7888198757764e-01 2.7329192546584e-03 3.4857142857143e-01 3.1428571428571e-02
4.0231884057971e-01 4.4347826086956e-02 4.1159420289855e-02 2.0173913043478e-01 3.1043478260870e-01
2.9569377990431e-02 2.5923444976077e-01 1.4047846889952e-01 5.0382775119617e-01 6.6889952153110e-02
1.2869565217391e-01 1.4956521739130e-01 1.6521739130435e-02 2.1652173913043e-01 4.8869565217391e-01
1.2470588235294e-02 2.9105882352941e-01 3.0588235294118e-03 6.7317647058824e-01 2.0235294117647e-02
1.4363636363636e-01 1.6000000000000e-01 2.5827751196172e-01 2.6602870813397e-01 1.7205741626794e-01
1.5223880597015e-02 2.3850746268657e-01 3.8805970149254e-03 4.7820895522388e-01 2.6417910447761e-01
1.1155778894472e-02 3.2361809045226e-02 2.4160804020101e-01 4.2281407035176e-01 2.9206030150754e-01
2.8571428571429e-03 3.3450549450549e-01 1.3626373626374e-02 6.2989010989011e-01 1.9120879120879e-02
2.2814070351759e-02 4.6733668341709e-02 3.8633165829146e-01 3.1517587939698e-01 2.2894472361809e-01
1.0805970149254e-01 1.2000000000000e-01 4.0706467661692e-01 2.4358208955224e-01 1.2129353233831e-01
4.0000000000000e-02 8.8868778280543e-02 3.7230769230769e-01 3.7022624434389e-01 1.2859728506787e-01