7.3368983957219e-02 1.9925133689840e-01 6.0385026737968e-01 1.1379679144385e-01 9.7326203208556e-03
1.1528384279476e-01 4.1598253275109e-01 4.0096069868996e-01 9.3449781659389e-03 5.8427947598253e-02
7.0678733031674e-02 2.1384615384615e-01 5.3556561085973e-01 1.4180995475113e-01 3.8099547511312e-02
2.6354285714286e-01 6.2857142857143e-02 4.6022857142857e-01 1.3268571428571e-01 8.0685714285714e-02
3.1140939597315e-02 7.3288590604027e-02 8.4832214765101e-02 4.6174496644295e-01 3.4899328859060e-01
2.0813793103448e-01 9.6689655172414e-02 5.1586206896552e-02 1.2758620689655e-01 5.1600000000000e-01
1.0023529411765e-01 2.2211764705882e-01 1.1176470588235e-01 5.2494117647059e-01 4.0941176470588e-02
2.1107692307692e-01 2.0461538461538e-01 4.9907692307692e-01 2.5230769230769e-02 6.0000000000000e-02
1.2296943231441e-01 1.9729257641921e-01 5.9091703056769e-01 1.5021834061135e-02 7.3799126637555e-02
2.9278350515464e-02 2.5567010309278e-01 1.8185567010309e-01 4.5134020618557e-01 8.1855670103093e-02
1.2103896103896e-01 7.7922077922078e-03 3.6363636363636e-01 7.0129870129870e-03 5.0051948051948e-01
3.0845771144279e-02 3.8666666666667e-01 4.9900497512438e-01 4.2288557213930e-02 4.1194029850746e-02
7.1034482758621e-02 6.7816091954023e-02 1.4137931034483e-01 5.0574712643678e-01 2.1402298850575e-01
9.7286432160804e-02 9.1457286432161e-03 6.4190954773869e-01 1.7085427135678e-02 2.3457286432161e-01
2.6414201183432e-01 1.0165680473373e-01 3.7491124260355e-01 3.6568047337278e-02 2.2272189349112e-01
1.6814159292035e-02 8.9026548672566e-02 1.7964601769912e-01 1.6035398230088e-01 5.5415929203540e-01
9.9342723004695e-02 5.2253521126761e-01 2.2450704225352e-01 7.0516431924883e-02 8.3098591549296e-02
2.6873786407767e-01 1.4815533980583e-01 1.4718446601942e-01 3.0427184466019e-01 1.3165048543689e-01
1.6345945945946e-01 8.0324324324324e-02 5.5772972972973e-01 5.5027027027027e-02 1.4345945945946e-01
2.3580786026201e-03 3.2349344978166e-01 6.0646288209607e-01 2.2620087336245e-02 4.5065502183406e-02
3.3869346733668e-02 2.8984924623116e-01 5.3477386934673e-01 3.7085427135678e-02 1.0442211055276e-01
2.6821192052980e-01 1.9072847682119e-02 1.5615894039735e-01 6.1059602649007e-02 4.9549668874172e-01
9.5627530364372e-02 3.6194331983806e-01 4.3433198380567e-01 3.7732793522267e-02 7.0364372469636e-02
2.8178010471204e-01 1.7183246073298e-01 4.6565445026178e-01 2.1884816753927e-02 5.8848167539267e-02
1.3650793650794e-02 1.6529100529101e-01 5.0158730158730e-01 2.1015873015873e-01 1.0931216931217e-01
7.2839506172840e-02 1.0592592592593e-01 8.1728395061728e-02 6.8000000000000e-01 5.9506172839506e-02
1.1776649746193e-01 1.6873096446701e-01 6.1502538071066e-01 5.0253807106599e-02 4.8223350253807e-02
2.5245283018868e-01 2.7924528301887e-02 2.5056603773585e-01 3.4339622641509e-02 4.3471698113208e-01
1.5610389610390e-01 9.8441558441558e-02 3.4285714285714e-01 5.0389610389610e-02 3.5220779220779e-01
1.8067796610169e-01 4.0677966101695e-02 9.7627118644068e-02 1.1864406779661e-02 6.6915254237288e-01
4.1980198019802e-01 9.7821782178218e-02 2.0495049504950e-01 1.7227722772277e-01 1.0514851485149e-01
3.2487804878049e-02 1.3795121951219e-01 5.4224390243902e-01 1.6731707317073e-01 1.2000000000000e-01
6.9865470852018e-02 1.0565022421525e-01 6.5264573991031e-01 1.0484304932735e-01 6.6995515695067e-02
1.7391304347826e-02 1.1478260869565e-01 6.4347826086957e-02 2.8695652173913e-02 7.7478260869565e-01
1.6391836734694e-01 2.0718367346939e-01 4.5804081632653e-01 1.2016326530612e-01 5.0693877551020e-02
1.6356756756757e-01 2.4810810810811e-01 3.7902702702703e-01 1.5318918918919e-01 5.6108108108108e-02
7.9493670886076e-02 2.5502109704641e-01 6.3746835443038e-01 8.6075949367089e-03 1.9409282700422e-02
4.2995169082126e-02 2.5381642512077e-01 4.8125603864734e-01 1.8743961352657e-01 3.4492753623188e-02
3.7864406779661e-01 1.3423728813559e-01 7.1186440677966e-03 2.5728813559322e-01 2.2271186440678e-01
3.8893280632411e-02 5.3581027667984e-01 3.5857707509881e-01 3.3517786561265e-02 3.3201581027668e-02
1.4524886877828e-01 1.9330316742081e-01 4.7493212669683e-01 8.7873303167421e-02 9.8642533936651e-02
3.5582089552239e-01 5.0746268656716e-03 4.7313432835821e-01 1.2507462686567e-01 4.0895522388060e-02
4.5008130081301e-01 3.9024390243902e-03 1.1723577235772e-01 2.2113821138211e-02 4.0666666666667e-01
9.7668711656442e-02 3.1288343558282e-02 1.8073619631902e-01 6.8343558282209e-02 6.2196319018405e-01
2.2400000000000e-02 7.7866666666667e-02 1.5280000000000e-01 9.3600000000000e-02 6.5333333333333e-01
7.3043478260870e-03 2.2782608695652e-01 8.3130434782609e-02 4.1739130434783e-02 6.4000000000000e-01
1.5521367521367e-01 8.1367521367521e-02 5.4871794871795e-02 4.3692307692308e-01 2.7162393162393e-01
6.7600000000000e-01 6.9473684210526e-03 1.0842105263158e-01 2.9473684210526e-03 2.0568421052632e-01
2.6036529680365e-01 1.8922374429224e-01 3.4748858447489e-01 1.1378995433790e-01 8.9132420091324e-02
5.7442922374429e-02 9.0319634703196e-02 3.6063926940639e-01 5.2694063926941e-02 4.3890410958904e-01
2.8610966057441e-01 2.2036553524804e-02 3.3618798955614e-01 2.0997389033943e-01 1.4569190600522e-01
3.9079497907950e-02 4.8234309623431e-01 2.6301255230126e-01 1.2602510460251e-01 8.9539748953975e-02
4.3551401869159e-02 9.7196261682243e-03 8.9532710280374e-02 2.6728971962617e-02 8.3046728971963e-01
3.0495049504951e-02 1.9584158415842e-01 1.2594059405941e-01 1.4079207920792e-01 5.0693069306931e-01
3.3835616438356e-01 2.0529680365297e-01 3.7552511415525e-01 5.9269406392694e-02 2.1552511415525e-02
3.2958904109589e-01 1.4821917808219e-01 4.8767123287671e-02 5.3698630136986e-02 4.1972602739726e-01
4.3212851405622e-02 2.7927710843373e-01 4.8907630522088e-01 1.5630522088353e-01 3.2128514056225e-02
1.4937198067633e-01 2.2695652173913e-01 4.0840579710145e-01 1.5487922705314e-01 6.0386473429952e-02
4.5647058823529e-02 2.6352941176471e-02 4.8329411764706e-01 3.5294117647059e-03 4.4117647058824e-01
4.4288659793814e-01 1.5257731958763e-02 3.6288659793814e-01 4.3298969072165e-02 1.3567010309278e-01
4.5792349726776e-02 1.0939890710383e-01 5.4218579234973e-01 2.1103825136612e-01 9.1584699453552e-02
1.8859259259259e-01 4.1185185185185e-02 8.6962962962963e-02 2.6696296296296e-01 4.1629629629630e-01
5.7341040462428e-02 2.4855491329480e-01 3.7260115606936e-01 2.6358381502890e-01 5.7919075144509e-02
1.3975757575758e-01 2.8727272727273e-02 3.3478787878788e-01 2.3963636363636e-01 2.5709090909091e-01
6.7422222222222e-01 2.8000000000000e-02 1.1555555555556e-02 1.6000000000000e-02 2.7022222222222e-01
1.4895238095238e-01 4.0000000000000e-03 1.4285714285714e-02 4.7428571428571e-02 7.8533333333333e-01
4.8394366197183e-01 4.7887323943662e-03 5.1549295774648e-02 9.5774647887324e-02 3.6394366197183e-01
1.9015384615385e-01 3.6646153846154e-01 3.6184615384615e-01 1.0974358974359e-02 7.0564102564103e-02
5.0169491525424e-02 8.1355932203390e-03 1.6237288135593e-01 1.9389830508475e-01 5.8542372881356e-01
1.2733944954128e-01 4.9908256880734e-02 3.4348623853211e-01 5.3211009174312e-03 4.7394495412844e-01
2.8000000000000e-01 6.7913669064748e-02 4.3237410071942e-01 6.1870503597122e-02 1.5784172661871e-01
1.3605633802817e-01 1.8422535211268e-01 4.0525821596244e-01 2.1436619718310e-01 6.0093896713615e-02
6.0645161290323e-03 3.2438709677419e-01 2.2877419354839e-01 4.7741935483871e-03 4.3600000000000e-01
6.8712871287129e-01 5.3663366336634e-02 4.8514851485149e-02 2.1782178217822e-03 2.0851485148515e-01
1.3719008264463e-01 3.9338842975207e-02 8.2809917355372e-02 2.3305785123967e-02 7.1735537190083e-01
2.9777777777778e-02 5.7333333333333e-02 3.9288888888889e-01 1.5555555555556e-02 5.0444444444444e-01
6.4751381215470e-02 1.1546961325967e-01 4.1646408839779e-01 1.9955801104972e-01 2.0375690607735e-01
4.9161290322581e-01 2.8129032258065e-02 1.4748387096774e-01 1.9574193548387e-01 1.3703225806452e-01
3.6417910447761e-02 4.1791044776119e-03 6.4835820895522e-01 8.8955223880597e-02 2.2208955223881e-01
1.2112676056338e-01 1.3821596244131e-01 6.5427230046948e-01 1.5305164319249e-02 7.1079812206573e-02
7.8916256157635e-02 6.1399014778325e-01 2.1083743842365e-01 7.3399014778325e-02 2.2857142857143e-02
2.5822784810127e-02 3.0886075949367e-02 2.2506329113924e-01 2.5316455696203e-02 6.9291139240506e-01
7.8792452830189e-02 2.6422641509434e-01 5.8007547169811e-01 3.1169811320755e-02 4.5735849056604e-02
1.3741007194245e-01 3.3093525179856e-03 4.4848920863309e-01 1.8561151079137e-02 3.9223021582734e-01
4.9377990430622e-02 4.5502392344498e-01 4.0641148325359e-01 6.9760765550239e-02 1.9425837320574e-02
2.1032863849765e-02 4.3652582159624e-01 3.6863849765258e-01 7.0422535211268e-02 1.0338028169014e-01
2.7216494845361e-02 6.1855670103093e-03 9.5463917525773e-02 4.4432989690722e-01 4.2680412371134e-01
7.9263803680982e-02 1.9337423312883e-01 5.9595092024540e-01 2.0000000000000e-02 1.1141104294479e-01
9.2531120331950e-02 1.4921161825726e-01 4.4116182572614e-01 5.1784232365145e-02 2.6531120331950e-01
1.6220994475138e-01 2.3469613259669e-01 3.9558011049724e-02 1.3701657458564e-02 5.4983425414365e-01
1.3289256198347e-01 1.2876033057851e-01 2.3471074380165e-02 1.4760330578512e-01 5.6727272727273e-01
2.5285285285285e-01 1.5735735735736e-02 6.2882882882883e-02 1.3081081081081e-01 5.3771771771772e-01
6.5022421524664e-02 1.4914798206278e-01 4.8914798206278e-01 2.9515695067265e-01 1.5246636771300e-03
2.2702702702703e-02 4.3243243243243e-02 2.1297297297297e-01 2.5675675675676e-01 4.6432432432432e-01
1.7982832618026e-01 2.1004291845494e-01 3.4137339055794e-01 1.7536480686695e-01 9.3390557939914e-02
1.2261682242991e-01 3.3644859813084e-03 2.8261682242991e-01 2.6785046728972e-01 3.2355140186916e-01
1.4024096385542e-01 4.8481927710843e-01 2.5084337349398e-01 2.4337349397590e-02 9.9759036144578e-02
7.3100436681223e-02 3.1965065502183e-02 6.2393013100437e-01 6.0262008733624e-02 2.1074235807860e-01
5.0552763819095e-02 2.3075376884422e-01 6.2623115577889e-01 3.3065326633166e-02 5.9396984924623e-02
1.0221198156682e-01 1.2248847926267e-01 6.1308755760369e-01 1.1382488479263e-01 4.8387096774194e-02
4.3597883597884e-02 5.4264550264550e-01 3.3682539682540e-01 2.6666666666667e-02 5.0264550264550e-02
1.5946666666667e-01 1.7244444444444e-01 5.4880000000000e-01 1.0222222222222e-02 1.0906666666667e-01
1.3847133757962e-01 1.0496815286624e-01 4.7388535031847e-01 9.8471337579618e-02 1.8420382165605e-01
3.0899470899471e-02 2.4021164021164e-01 5.0497354497354e-01 1.0497354497354e-01 1.1894179894180e-01
1.7746341463415e-01 1.3014634146341e-01 5.7814634146341e-01 1.6390243902439e-02 9.7853658536585e-02
4.4020618556701e-01 9.8969072164948e-03 2.0618556701031e-02 1.0907216494845e-01 4.2020618556701e-01
2.2181818181818e-01 6.9569377990431e-02 5.1397129186603e-01 3.9521531100478e-02 1.5511961722488e-01
5.0144000000000e-01 9.4400000000000e-03 9.7120000000000e-02 1.7392000000000e-01 2.1808000000000e-01
2.3010526315789e-01 2.7368421052632e-03 1.0168421052632e-01 1.7536842105263e-01 4.9010526315789e-01
2.2515283842795e-01 1.9126637554585e-01 4.2515283842795e-01 8.9344978165939e-02 6.9082969432314e-02
4.0843049327354e-01 1.1506726457399e-01 3.1345291479821e-01 1.0941704035874e-02 1.5210762331839e-01
8.8354430379747e-02 4.0852320675105e-01 3.4700421940928e-01 1.1029535864979e-01 4.5822784810127e-02
5.3786407766990e-02 1.4174757281553e-02 2.2640776699029e-01 8.7378640776699e-03 6.9689320388350e-01
2.1538461538462e-03 6.1384615384615e-01 2.6841025641026e-01 1.1148717948718e-01 4.1025641025641e-03
1.6363636363636e-02 3.8181818181818e-02 3.9480519480519e-01 6.4935064935065e-03 5.4415584415584e-01
5.3733905579399e-02 3.6103004291846e-01 4.8772532188841e-01 8.3175965665236e-02 1.4334763948498e-02
9.1529411764706e-02 2.0235294117647e-02 4.8470588235294e-02 3.1223529411765e-01 5.2752941176471e-01
3.1288343558282e-02 2.2883435582822e-01 4.5104294478528e-01 2.0073619631902e-01 8.8098159509202e-02
3.5737704918033e-02 2.6928961748634e-01 4.5956284153005e-01 1.8251366120219e-01 5.2896174863388e-02
1.3967479674797e-01 3.7398373983740e-03 4.6000000000000e-01 4.8780487804878e-03 3.9170731707317e-01
2.9753694581281e-02 3.8709359605911e-01 4.6088669950739e-01 8.3743842364532e-02 3.8522167487685e-02
1.8197424892704e-01 1.6600858369099e-01 1.5467811158798e-01 2.7064377682403e-01 2.2669527896996e-01
5.8987341772152e-02 3.8962025316456e-01 4.7037974683544e-01 5.2827004219409e-02 2.8185654008439e-02
1.0804597701149e-02 2.2988505747126e-03 1.0275862068966e-01 4.5701149425287e-01 4.2712643678161e-01
1.0502463054187e-01 1.1832512315271e-01 4.2581280788177e-01 2.0788177339901e-01 1.4295566502463e-01
4.3319838056680e-02 4.3724696356275e-01 3.6372469635628e-01 1.3076923076923e-01 2.4939271255061e-02
9.8395721925134e-02 3.6192513368984e-01 3.9443850267380e-01 7.1657754010695e-03 1.3807486631016e-01
8.9655172413793e-03 1.7172413793103e-01 1.1080459770115e-01 5.1149425287356e-01 1.9701149425287e-01
1.6862745098039e-02 2.4039215686274e-01 1.1137254901961e-01 4.1921568627451e-01 2.1215686274510e-01
1.9633587786260e-01 2.2137404580153e-02 9.8931297709924e-02 1.7404580152672e-02 6.6519083969466e-01
2.0512820512821e-02 1.1794871794872e-02 4.1025641025641e-02 3.4410256410256e-01 5.8256410256410e-01
1.1347150259067e-01 1.3212435233161e-01 6.2829015544042e-01 6.2176165803109e-03 1.1989637305699e-01
1.3450643776824e-01 2.8763948497854e-01 3.4686695278970e-01 1.0978540772532e-01 1.2120171673820e-01
3.4690265486726e-02 6.5309734513274e-02 8.9203539823009e-02 1.7345132743363e-02 7.9345132743363e-01
4.7102803738318e-02 1.2392523364486e-01 1.7757009345794e-02 9.3644859813084e-02 7.1757009345794e-01
1.4762886597938e-01 9.4845360824742e-03 5.3134020618557e-01 2.1958762886598e-01 9.1958762886598e-02
1.0474418604651e-01 9.1720930232558e-02 5.0213953488372e-01 1.1227906976744e-01 1.8911627906977e-01
4.2639593908629e-02 1.3096446700508e-02 1.2223350253807e-01 6.1350253807107e-01 2.0852791878173e-01
3.0986666666667e-01 3.5466666666667e-02 4.7466666666667e-02 3.9733333333333e-02 5.6746666666667e-01
3.2402234636871e-02 4.2000000000000e-01 4.6826815642458e-01 4.9497206703911e-02 2.9832402234637e-02
2.4790697674419e-01 1.8297674418605e-01 5.1990697674419e-01 4.4186046511628e-02 5.0232558139535e-03
7.1508379888268e-02 3.9407821229050e-01 2.3921787709497e-01 1.5463687150838e-01 1.4055865921788e-01
1.4265402843602e-01 1.1848341232227e-01 7.0796208530806e-01 9.0047393364929e-03 2.1895734597156e-02
3.6082758620690e-01 1.1144827586207e-01 1.9627586206897e-01 4.1931034482759e-02 2.8951724137931e-01
6.5454545454546e-03 1.9636363636364e-02 6.4545454545455e-01 9.8545454545454e-02 2.2981818181818e-01
2.8828828828829e-02 7.8918918918919e-02 5.1351351351351e-01 2.5225225225225e-02 3.5351351351351e-01
1.4390697674419e-01 3.7953488372093e-01 2.7525581395349e-01 1.0279069767442e-01 9.8511627906977e-02
6.7889908256881e-03 8.6238532110092e-03 1.1229357798165e-01 5.0055045871560e-01 3.7174311926605e-01
6.3063829787234e-02 3.2519148936170e-01 4.4987234042553e-01 1.1965957446809e-01 4.2212765957447e-02
1.3200000000000e-01 7.3882352941177e-02 5.3717647058824e-01 1.3270588235294e-01 1.2423529411765e-01
3.7714285714286e-03 4.1988571428571e-01 3.7565714285714e-01 1.6560000000000e-01 3.5085714285714e-02
8.8888888888889e-03 7.4074074074074e-03 8.8888888888889e-03 1.6296296296296e-02 9.5851851851852e-01
1.9492063492063e-01 2.1164021164021e-01 2.6264550264550e-01 8.4550264550265e-02 2.4624338624339e-01
5.0365714285714e-01 1.2228571428571e-02 9.3028571428571e-02 7.8171428571429e-02 3.1291428571429e-01
2.9678048780488e-01 1.3551219512195e-01 4.8019512195122e-01 5.1317073170732e-02 3.6195121951220e-02
6.7191011235955e-02 3.9325842696629e-02 4.1393258426966e-01 4.9438202247191e-03 4.7460674157303e-01
6.2483660130719e-02 5.0196078431372e-02 4.5712418300654e-01 2.8758169934640e-03 4.2732026143791e-01
3.5868544600939e-02 3.6732394366197e-01 3.1924882629108e-01 2.0892018779343e-01 6.8638497652582e-02
1.8009478672986e-01 1.9630331753555e-01 5.9744075829384e-01 1.7535545023697e-02 8.6255924170616e-03
2.3272727272727e-01 1.4034632034632e-01 5.0701298701299e-01 9.4112554112554e-02 2.5800865800866e-02
1.3641025641026e-01 3.0769230769231e-03 4.3418803418803e-02 1.0871794871795e-01 7.0837606837607e-01
1.6579710144928e-01 1.8531400966184e-01 4.8270531400966e-01 9.1111111111111e-02 7.5072463768116e-02
3.2699453551913e-01 2.2098360655738e-01 3.7213114754098e-01 4.8852459016393e-02 3.1038251366120e-02
1.4945054945055e-02 1.1560439560440e-01 1.5384615384615e-01 6.1406593406594e-01 1.0153846153846e-01
6.0658436213992e-02 3.0790123456790e-01 5.9061728395062e-01 2.4855967078189e-02 1.5967078189300e-02
1.6414746543779e-01 2.8737327188940e-01 4.4728110599078e-01 5.3917050691244e-02 4.7281105990783e-02
1.1218106995885e-01 4.5753086419753e-01 3.8576131687243e-01 1.5720164609054e-02 2.8806584362140e-02
4.1466666666667e-01 7.6888888888889e-02 8.8444444444444e-02 1.5555555555556e-02 4.0444444444444e-01
1.0964705882353e-01 3.5364705882353e-01 2.2376470588235e-01 1.5388235294118e-01 1.5905882352941e-01
5.7600000000000e-03 1.6160000000000e-01 9.0560000000000e-02 3.6448000000000e-01 3.7760000000000e-01
2.1828877005348e-01 2.1283422459893e-02 8.6737967914439e-02 5.4951871657754e-01 1.2417112299465e-01
1.4841379310345e-01 2.4413793103448e-02 2.5034482758621e-01 2.0689655172414e-03 5.7475862068966e-01
8.0930232558140e-02 2.7330232558140e-01 4.6753488372093e-01 4.4837209302326e-02 1.3339534883721e-01
2.2021052631579e-01 4.4842105263158e-02 1.3368421052632e-01 5.8715789473684e-01 1.4105263157895e-02
1.7291139240506e-01 5.9493670886076e-02 1.3240506329114e-01 5.0632911392405e-02 5.8455696202532e-01
1.3333333333333e-02 4.9122807017544e-03 5.0280701754386e-01 2.1052631578947e-02 4.5789473684211e-01
1.1449781659389e-01 2.4611353711790e-01 3.3799126637555e-01 1.7982532751092e-01 1.2157205240175e-01
4.3087248322148e-02 3.6147651006711e-01 2.4778523489933e-01 3.5973154362416e-02 3.1167785234899e-01
1.2839779005525e-01 2.3016574585635e-01 5.5414364640884e-01 8.0000000000000e-02 7.2928176795580e-03
2.0358078602620e-01 3.3484716157205e-01 3.8462882096070e-01 4.2532751091703e-02 3.4410480349345e-02
1.2688000000000e-01 1.7152000000000e-01 1.6944000000000e-01 2.6304000000000e-01 2.6912000000000e-01
3.1087378640777e-01 1.0097087378641e-02 3.3553398058252e-01 1.6310679611651e-02 3.2718446601942e-01
4.3474178403756e-02 1.1051643192488e-01 4.1859154929577e-01 3.2723004694836e-01 1.0018779342723e-01
8.0732984293194e-02 5.5664921465969e-01 1.6879581151832e-01 1.5759162303665e-01 3.6230366492147e-02
6.0827586206897e-01 5.9770114942529e-03 2.3609195402299e-01 1.3103448275862e-02 1.3655172413793e-01
4.0136054421769e-01 6.2176870748299e-02 2.1129251700680e-01 1.4965986394558e-03 3.2367346938776e-01
3.6347826086957e-01 2.7449275362319e-01 7.8840579710145e-02 2.3362318840580e-01 4.9565217391304e-02
9.5238095238095e-02 1.6938775510204e-01 5.9292517006803e-01 3.2653061224490e-02 1.0979591836735e-01
2.0347826086957e-01 1.1408695652174e-01 2.6869565217391e-01 1.5478260869565e-02 3.9826086956522e-01
9.1259259259259e-02 2.1185185185185e-02 3.4785185185185e-01 6.9629629629630e-02 4.7007407407407e-01
8.0137931034483e-02 9.0344827586207e-02 1.1544827586207e-01 1.9310344827586e-03 7.1213793103448e-01
2.6225108225108e-01 1.9826839826840e-01 4.2129870129870e-01 9.0649350649351e-02 2.7532467532468e-02
3.9781420765027e-02 1.0251366120219e-01 3.7092896174863e-01 4.1005464480874e-01 7.6721311475410e-02
1.6186915887850e-01 1.2149532710280e-02 1.5252336448598e-01 1.0785046728972e-01 5.6560747663551e-01
8.3248730964467e-02 2.3157360406091e-01 4.1675126903553e-01 2.4903553299492e-01 1.9390862944162e-02
1.1427230046948e-01 1.4582159624413e-01 6.4967136150235e-01 6.2629107981221e-02 2.7605633802817e-02
4.0000000000000e-02 7.8697674418605e-02 6.0781395348837e-01 8.7162790697674e-02 1.8632558139535e-01
1.8456621004566e-01 3.5442922374429e-01 4.1388127853881e-01 3.2420091324201e-02 1.4703196347032e-02
1.4461538461538e-01 3.5164835164835e-03 4.3494505494506e-01 2.8571428571429e-03 4.1406593406593e-01
6.1843971631206e-02 9.3049645390071e-02 8.1702127659574e-02 6.1872340425532e-01 1.4468085106383e-01
4.5283018867925e-03 4.5283018867925e-03 4.5283018867925e-03 3.2716981132075e-01 6.5924528301887e-01
5.6338028169014e-02 1.2394366197183e-02 9.4929577464789e-02 6.7746478873239e-01 1.5887323943662e-01
2.5481481481481e-01 2.3597883597884e-01 1.3576719576720e-01 8.8677248677249e-02 2.8476190476190e-01
1.4467289719626e-01 2.0672897196262e-01 3.6635514018692e-02 4.7495327102804e-01 1.3700934579439e-01
7.6963350785340e-02 1.4837696335079e-01 3.2544502617801e-01 3.2083769633508e-01 1.2837696335079e-01
1.7987878787879e-01 3.0787878787879e-02 5.3357575757576e-01 6.7878787878788e-02 1.8787878787879e-01
4.4694835680751e-02 1.4366197183099e-01 5.3136150234742e-01 1.4328638497653e-01 1.3699530516432e-01
7.3694581280788e-02 1.5615763546798e-01 6.7665024630542e-01 5.9704433497537e-02 3.3793103448276e-02
3.3710144927536e-01 9.3526570048309e-02 4.7739130434783e-01 2.6666666666667e-02 6.5314009661836e-02
7.2631578947369e-02 1.9082706766917e-01 4.0496240601504e-01 5.9548872180451e-02 2.7203007518797e-01
9.1065989847716e-02 3.5593908629442e-01 4.6355329949239e-01 4.3857868020305e-02 4.5583756345178e-02
5.1137254901961e-02 4.9160784313725e-01 3.6415686274510e-01 4.8627450980392e-02 4.4470588235294e-02
4.6957746478873e-01 1.0845070422535e-01 3.0478873239437e-01 4.2253521126761e-03 1.1295774647887e-01
2.7382716049383e-01 1.9061728395062e-01 1.9333333333333e-01 3.3333333333333e-02 3.0888888888889e-01
2.7593220338983e-01 9.4915254237288e-03 7.5593220338983e-02 1.4271186440678e-01 4.9627118644068e-01
2.1529411764706e-01 1.1743315508021e-01 5.5058823529412e-01 6.8235294117647e-02 4.8449197860963e-02
4.4000000000000e-02 2.8462222222222e-01 3.5804444444444e-01 2.2648888888889e-01 8.6844444444444e-02
2.2756756756757e-01 1.6216216216216e-02 2.6162162162162e-01 1.0270270270270e-02 4.8432432432432e-01
1.7290322580645e-01 4.7311827956989e-03 1.5462365591398e-01 1.6989247311828e-02 6.5075268817204e-01
2.1117117117117e-01 1.4234234234234e-02 1.6342342342342e-01 2.5765765765766e-02 5.8540540540541e-01
1.6831168831169e-01 1.1376623376623e-01 2.5662337662338e-01 3.7012987012987e-01 9.1168831168831e-02
2.2481012658228e-01 1.7215189873418e-02 1.1594936708861e-01 1.8481012658228e-02 6.2354430379747e-01
3.7350649350649e-01 1.2848484848485e-01 4.0129870129870e-01 6.9264069264069e-03 8.9783549783550e-02
5.0941176470588e-01 2.3697478991597e-02 1.1462184873950e-01 7.1596638655462e-02 2.8067226890756e-01
1.7308411214953e-01 8.2242990654206e-03 1.3009345794393e-01 1.1439252336449e-01 5.7420560747664e-01
2.3340659340659e-01 4.5274725274725e-02 2.2483516483516e-01 5.1648351648352e-02 4.4483516483517e-01
6.7486631016043e-02 4.6213903743315e-01 3.0909090909091e-01 1.2973262032086e-01 3.1550802139037e-02
5.3905579399142e-02 4.6575107296137e-01 3.1922746781116e-01 1.1759656652361e-01 4.3519313304721e-02
8.3615819209040e-02 1.6406779661017e-01 3.9751412429379e-01 2.4429378531073e-01 1.1050847457627e-01
1.8620689655172e-02 3.6781609195402e-03 2.8045977011494e-02 6.9517241379310e-01 2.5448275862069e-01
2.3404255319149e-01 7.0212765957447e-02 1.4468085106383e-02 2.7829787234043e-01 4.0297872340426e-01
1.5176470588235e-01 1.5914438502674e-01 5.6919786096257e-01 2.3957219251337e-02 9.5935828877005e-02
2.3064327485380e-01 1.0947368421053e-01 5.7134502923977e-01 2.3742690058480e-02 6.4795321637427e-02
1.0232804232804e-01 2.4708994708995e-01 3.6497354497354e-01 2.3809523809524e-01 4.7513227513227e-02
7.3868613138686e-02 1.1474452554745e-01 9.2846715328467e-02 2.9197080291971e-03 7.1562043795620e-01
7.6019900497512e-02 3.6925373134328e-01 3.8328358208955e-01 1.1462686567164e-01 5.6815920398010e-02
1.4418604651163e-02 6.6976744186047e-02 2.1968992248062e-01 6.8217054263566e-03 6.9209302325581e-01
1.0316939890710e-01 4.3606557377049e-02 3.7672131147541e-01 3.6797814207650e-01 1.0852459016393e-01
1.2266666666667e-01 1.4266666666667e-01 5.6436363636364e-01 7.5636363636364e-02 9.4666666666667e-02
2.3255813953488e-01 1.8195348837209e-01 5.1581395348837e-01 2.6325581395349e-02 4.3348837209302e-02
2.4717948717949e-02 3.7220512820513e-01 5.2266666666667e-01 3.6615384615385e-02 4.3794871794872e-02
6.9573459715640e-02 4.3582938388626e-01 3.2037914691943e-01 4.8151658767773e-02 1.2606635071090e-01
2.7698924731183e-01 1.2903225806452e-02 2.9935483870968e-01 4.0086021505376e-01 9.8924731182796e-03
6.7339449541284e-02 2.2018348623853e-03 5.3211009174312e-03 2.3853211009174e-03 9.2275229357798e-01
1.0270531400966e-01 2.0888888888889e-01 5.0357487922705e-01 1.5574879227053e-01 2.9082125603865e-02
5.9404255319149e-02 2.2893617021277e-01 5.8136170212766e-01 8.3659574468085e-02 4.6638297872340e-02
2.2051282051282e-02 3.1138461538462e-01 2.7425641025641e-01 2.9148717948718e-01 1.0082051282051e-01
1.6081632653061e-02 5.2824489795918e-01 3.6195918367347e-01 6.5795918367347e-02 2.7918367346939e-02
5.9653679653680e-02 4.7160173160173e-01 3.5835497835498e-01 8.2424242424242e-02 2.7965367965368e-02
1.0312796208531e-01 2.9962085308057e-01 4.7535545023697e-01 7.7630331753554e-02 4.4265402843602e-02
2.2956521739130e-01 2.0086956521739e-01 1.3652173913043e-01 3.6521739130435e-02 3.9652173913043e-01
9.0322580645162e-03 4.9892473118280e-02 2.1010752688172e-01 1.3741935483871e-01 5.9354838709677e-01
1.3174887892377e-01 5.3246636771300e-01 2.0995515695067e-01 7.8475336322870e-02 4.7354260089686e-02
2.2233502538071e-02 2.6345177664975e-01 3.6741116751269e-01 2.4822335025381e-01 9.8680203045685e-02
3.7062937062937e-02 7.6783216783217e-02 7.3804195804196e-01 4.0000000000000e-02 1.0811188811189e-01
7.8039215686274e-02 7.4901960784314e-02 2.7058823529412e-02 5.8431372549020e-01 2.3568627450980e-01
1.9147208121827e-01 3.5817258883249e-01 2.7340101522843e-01 1.0578680203046e-01 7.1167512690355e-02
1.7304347826087e-01 5.4685990338164e-02 4.6173913043478e-01 7.9227053140097e-02 2.3130434782609e-01
2.3822222222222e-01 6.6666666666667e-03 2.3688888888889e-01 2.9333333333333e-01 2.2488888888889e-01
2.2576000000000e-01 4.1600000000000e-03 3.7264000000000e-01 1.0896000000000e-01 2.8848000000000e-01
2.8975609756098e-02 6.1795121951220e-01 2.0556097560976e-01 1.2302439024390e-01 2.4487804878049e-02
1.7567010309278e-01 1.3381443298969e-01 1.0659793814433e-01 4.3505154639175e-02 5.4041237113402e-01
1.5198156682028e-01 4.4165898617512e-01 3.3806451612903e-01 3.6497695852535e-02 3.1797235023041e-02
6.6666666666667e-02 3.0000000000000e-01 5.0000000000000e-01 6.6666666666667e-02 6.6666666666667e-02
8.6788990825688e-02 2.3853211009174e-03 3.2055045871560e-01 3.6330275229358e-02 5.5394495412844e-01
1.0681564245810e-01 4.3586592178771e-01 2.8927374301676e-01 1.4782122905028e-01 2.0223463687151e-02
1.7235023041475e-02 1.6036866359447e-01 5.7907834101383e-01 9.8709677419355e-02 1.4460829493088e-01
6.0410256410256e-02 5.8974358974359e-02 4.2051282051282e-02 9.7641025641026e-02 7.4092307692308e-01
5.0285714285714e-01 2.5031055900621e-01 1.9677018633540e-01 1.1552795031056e-02 3.8509316770186e-02
3.4959064327485e-01 1.0526315789474e-02 2.0280701754386e-01 1.4690058479532e-01 2.9017543859649e-01
1.5575221238938e-02 1.0654867256637e-01 2.9539823008850e-01 2.7433628318584e-02 5.5504424778761e-01
1.2191304347826e-01 1.9478260869565e-02 2.4278260869565e-01 3.4921739130435e-01 2.6660869565217e-01
5.8612716763006e-01 1.1063583815029e-01 9.5606936416185e-02 1.3768786127168e-01 6.9942196531792e-02
1.5301310043668e-01 2.3493449781659e-01 4.7930131004367e-01 4.3842794759825e-02 8.8908296943231e-02
1.3871921182266e-01 3.7684729064039e-01 3.7024630541872e-01 6.0886699507389e-02 5.3300492610837e-02
1.2405797101449e-01 3.5536231884058e-01 1.8753623188406e-01 1.6869565217391e-01 1.6434782608696e-01
7.5076923076923e-02 2.5887179487179e-01 5.6841025641026e-01 8.9948717948718e-02 7.6923076923077e-03
6.9955156950673e-03 5.3605381165919e-01 3.2753363228700e-01 7.6502242152466e-02 5.2914798206278e-02
3.2311111111111e-01 7.1111111111111e-03 2.2177777777778e-01 1.9555555555556e-02 4.2844444444444e-01
2.9167785234899e-01 1.2483221476510e-01 4.1073825503356e-01 2.2684563758389e-02 1.5006711409396e-01
1.5480225988701e-02 3.5627118644068e-01 3.4497175141243e-01 2.0259887005650e-01 8.0677966101695e-02
8.6820809248555e-02 2.2034682080925e-01 5.5421965317919e-01 3.0057803468208e-02 1.0855491329480e-01
2.1769585253456e-01 2.7133640552995e-01 4.2313364055300e-01 1.4285714285714e-02 7.3548387096774e-02
4.4257028112450e-02 3.5132530120482e-01 4.8795180722892e-01 1.0779116465863e-01 8.6746987951807e-03
1.6505050505051e-01 8.2828282828283e-03 3.9838383838384e-01 3.6363636363636e-02 3.9191919191919e-01
1.0126984126984e-01 1.3756613756614e-03 2.7756613756614e-01 8.4761904761905e-02 5.3502645502645e-01
6.6946107784431e-02 1.0802395209581e-01 5.7688622754491e-01 2.0311377245509e-01 4.5029940119760e-02
1.1861386138614e-01 8.7128712871287e-02 4.6811881188119e-01 6.7326732673267e-03 3.1940594059406e-01
6.0088888888889e-02 5.9324444444444e-01 2.9768888888889e-01 2.5422222222222e-02 2.3555555555556e-02
4.0932038834951e-01 6.6796116504854e-02 2.9067961165049e-01 4.6601941747573e-03 2.2854368932039e-01
4.5945945945946e-02 4.1081081081081e-02 4.5315315315315e-01 2.0972972972973e-01 2.5009009009009e-01
1.7613168724280e-02 3.5127572016461e-01 4.8337448559671e-01 1.1679012345679e-01 3.0946502057613e-02
3.6704000000000e-01 7.9680000000000e-02 1.9616000000000e-01 2.3360000000000e-01 1.2352000000000e-01
5.4366197183099e-02 9.0140845070423e-03 6.2112676056338e-01 7.8873239436620e-03 3.0760563380282e-01
1.5776824034335e-01 1.5879828326180e-01 5.7004291845494e-01 5.3304721030043e-02 6.0085836909871e-02
6.1361256544503e-02 4.9654450261780e-01 3.6157068062827e-01 5.2041884816754e-02 2.8481675392670e-02
1.1689243027888e-01 2.9402390438247e-02 1.2988047808765e-01 6.4374501992032e-01 8.0079681274901e-02
1.8224719101124e-01 3.7932584269663e-01 3.3850187265918e-01 6.7940074906367e-02 3.1985018726592e-02
4.0343434343434e-01 4.2424242424242e-03 1.9333333333333e-01 4.5858585858586e-02 3.5313131313131e-01
4.7004219409283e-02 2.3029535864979e-01 6.7831223628692e-01 4.1012658227848e-02 3.3755274261603e-03
7.0588235294118e-03 5.4117647058824e-03 2.7882352941177e-01 7.0588235294118e-03 7.0164705882353e-01
1.1592760180995e-01 4.0389140271493e-01 3.7122171945701e-01 4.4434389140271e-02 6.4524886877828e-02
1.7127071823204e-01 3.8530386740331e-01 3.8353591160221e-01 5.0497237569061e-02 9.3922651933702e-03
9.7087378640777e-02 3.5922330097087e-02 5.1844660194175e-02 2.3300970873786e-03 8.1281553398058e-01
1.6819277108434e-01 3.6144578313253e-02 4.8433734939759e-02 4.0072289156627e-01 3.4650602409639e-01
1.6373333333333e-01 2.2933333333333e-02 5.1680000000000e-01 2.6666666666667e-03 2.9386666666667e-01
9.5129533678756e-02 2.0176165803109e-01 5.6414507772021e-01 7.5854922279793e-02 6.3108808290155e-02
1.7748344370861e-01 9.4172185430464e-02 5.4622516556291e-01 1.4569536423841e-02 1.6754966887417e-01
3.1775280898876e-01 3.1460674157303e-03 3.8359550561798e-01 9.1910112359551e-02 2.0359550561798e-01
1.7892682926829e-01 2.5795121951220e-01 4.9121951219512e-01 6.8682926829268e-02 3.2195121951220e-03
2.9985185185185e-01 7.4074074074074e-03 1.5525925925926e-01 4.0296296296296e-02 4.9718518518519e-01
1.0097297297297e-01 3.0000000000000e-01 4.3805405405405e-01 6.0648648648649e-02 1.0032432432432e-01
3.3239436619718e-02 2.3577464788732e-01 8.6760563380282e-02 3.9887323943662e-01 2.4535211267606e-01
1.9104972375691e-01 7.6132596685083e-02 1.9988950276243e-01 8.0662983425414e-03 5.2486187845304e-01
1.0950495049505e-01 4.1584158415842e-03 6.1405940594059e-01 4.3366336633663e-02 2.2891089108911e-01
6.9677419354839e-02 1.2967741935484e-01 1.5806451612903e-01 1.0258064516129e-01 5.4000000000000e-01
1.0666666666667e-02 3.6952380952381e-02 3.9676190476190e-01 8.9714285714286e-02 4.6590476190476e-01
3.8755555555556e-02 3.7688888888889e-01 5.0951111111111e-01 5.1555555555556e-03 6.9688888888889e-02
5.4336842105263e-01 4.2947368421053e-02 2.1642105263158e-01 5.1157894736842e-02 1.4610526315789e-01
9.7777777777778e-02 1.3282051282051e-01 1.5470085470085e-01 4.4735042735043e-01 1.6735042735043e-01
2.1604790419162e-01 2.7880239520958e-01 4.0263473053892e-01 7.3532934131737e-02 2.8982035928144e-02
1.1175257731959e-01 6.6185567010309e-02 2.1278350515464e-01 1.3195876288660e-02 5.9608247422681e-01
8.0829493087558e-02 6.2082949308756e-01 2.0451612903226e-01 3.7880184331797e-02 5.5944700460829e-02
8.7254408060453e-02 3.2241813602015e-03 4.7355163727960e-01 1.1944584382872e-01 3.1652392947103e-01
2.2420600858369e-01 1.1733905579399e-01 4.9236051502146e-01 6.8240343347639e-02 9.7854077253219e-02
9.3632286995516e-02 1.5390134529148e-01 5.6878923766816e-01 7.3632286995516e-02 1.1004484304933e-01
2.6329113924051e-02 7.4936708860759e-02 1.9468354430380e-01 6.9291139240506e-01 1.1139240506329e-02
1.4746268656716e-01 1.0278606965174e-01 6.5890547263682e-01 4.7164179104478e-02 4.3681592039801e-02
9.1491712707182e-02 1.0585635359116e-01 4.0386740331492e-01 1.8618784530387e-01 2.1259668508287e-01
1.2357723577236e-01 5.0406504065041e-03 5.1219512195122e-02 1.8926829268293e-01 6.3089430894309e-01
2.6298642533937e-01 7.7013574660633e-02 5.8805429864254e-01 1.8099547511312e-03 7.0135746606335e-02
2.1477832512315e-02 1.5802955665025e-01 4.8492610837438e-01 1.9763546798030e-01 1.3793103448276e-01
2.7429951690821e-01 1.9458937198068e-01 4.3507246376812e-01 2.0483091787440e-02 7.5555555555556e-02
1.3661016949153e-01 1.6813559322034e-01 6.1016949152542e-02 1.7050847457627e-01 4.6372881355932e-01
2.2051282051282e-01 1.1917948717949e-01 4.8717948717949e-01 2.5948717948718e-02 1.4717948717949e-01
1.3744680851064e-01 4.0056737588652e-01 1.6326241134752e-01 7.8865248226950e-02 2.1985815602837e-01
3.3924050632911e-01 4.8101265822785e-03 2.2000000000000e-01 1.1139240506329e-02 4.2481012658228e-01
5.0847457627119e-01 7.1525423728814e-02 2.8610169491525e-01 1.3220338983051e-02 1.2067796610169e-01
3.0595348837209e-01 1.0651162790698e-01 4.2827906976744e-01 4.2790697674419e-02 1.1646511627907e-01
9.6705882352941e-02 1.1529411764706e-02 4.9223529411765e-01 1.1670588235294e-01 2.8282352941176e-01
1.4893617021277e-02 2.8709219858156e-01 4.7106382978723e-01 1.7744680851064e-01 4.9503546099291e-02
4.2096000000000e-01 1.9680000000000e-02 2.2288000000000e-01 4.4800000000000e-03 3.3200000000000e-01
1.6450867052023e-01 8.5433526011561e-02 6.1364161849711e-01 4.6473988439306e-02 8.9942196531792e-02
3.3017543859649e-01 2.5964912280702e-02 1.5052631578947e-01 3.7543859649123e-02 4.5578947368421e-01
5.3710691823899e-02 2.5094339622641e-01 5.5333333333333e-01 2.6415094339623e-02 1.1559748427673e-01
2.7132530120482e-01 3.6144578313253e-03 1.9421686746988e-01 5.0602409638554e-03 5.2578313253012e-01
2.4137404580153e-01 4.0000000000000e-02 1.8885496183206e-01 5.1541984732824e-01 1.4351145038168e-02
2.6666666666667e-02 5.0980392156863e-03 1.4784313725490e-01 2.9215686274510e-01 5.2823529411765e-01
4.7540983606557e-02 4.9945355191257e-02 2.0885245901639e-01 4.4207650273224e-01 2.5158469945355e-01
3.4188034188034e-03 1.1487179487179e-01 8.8717948717949e-02 1.7094017094017e-03 7.9128205128205e-01
2.4872727272727e-01 6.9818181818182e-02 6.4327272727273e-01 1.2363636363636e-02 2.5818181818182e-02
1.9913043478261e-01 5.7043478260869e-02 3.5373913043478e-01 1.1652173913044e-02 3.7843478260870e-01
2.9691056910569e-01 4.4227642276423e-02 2.2715447154472e-01 1.9983739837398e-01 2.3186991869919e-01
1.6363636363636e-01 1.0114832535885e-01 5.8488038277512e-01 7.3779904306220e-02 7.6555023923445e-02
5.6774193548387e-02 2.5483870967742e-01 3.2903225806452e-02 6.1935483870968e-01 3.6129032258064e-02
7.6239316239316e-02 4.1880341880342e-02 1.7059829059829e-01 2.9623931623932e-01 4.1504273504274e-01
4.5120000000000e-01 1.3600000000000e-02 3.0906666666667e-01 5.8666666666667e-03 2.2026666666667e-01
6.6666666666667e-02 3.2666666666667e-01 4.7333333333333e-01 6.6666666666667e-02 6.6666666666667e-02
2.5508571428571e-01 1.2914285714286e-02 2.4697142857143e-01 3.8914285714286e-01 9.5885714285714e-02
2.6493617021277e-01 1.1106382978723e-01 3.8953191489362e-01 9.4468085106383e-02 1.4000000000000e-01
1.4945454545455e-01 2.1842424242424e-01 5.7296969696970e-01 4.4484848484848e-02 1.4666666666667e-02
3.5555555555556e-02 8.4691358024691e-02 3.3827160493827e-02 4.2790123456790e-01 4.1802469135802e-01
2.4472440944882e-01 6.0787401574803e-02 5.9370078740157e-02 3.0866141732283e-02 6.0425196850394e-01
1.4812260536398e-01 1.0597701149425e-01 4.6513409961686e-01 1.1923371647510e-01 1.6153256704981e-01
1.1411042944785e-02 2.5349693251534e-01 4.3349693251534e-01 1.6478527607362e-01 1.3680981595092e-01
6.6424870466321e-02 3.9274611398964e-01 3.8072538860104e-01 1.0829015544041e-01 5.1813471502591e-02
1.0203208556150e-01 2.0556149732620e-01 4.7283422459893e-01 1.0973262032086e-01 1.0983957219251e-01
6.6930693069307e-02 1.8079207920792e-01 4.8217821782178e-01 5.5445544554455e-03 2.6455445544554e-01
8.5606694560669e-02 2.6259414225941e-01 5.2393305439331e-01 4.2928870292887e-02 8.4937238493724e-02
9.0256410256410e-02 1.0598290598291e-02 1.8085470085470e-01 6.2410256410257e-01 9.4188034188034e-02
6.8944723618090e-02 1.6381909547739e-02 1.1899497487437e-01 4.3909547738693e-01 3.5658291457286e-01
8.7540983606557e-02 4.1639344262295e-02 6.8852459016393e-02 1.7803278688525e-01 6.2393442622951e-01
2.9430051813472e-02 3.3647668393782e-01 4.7481865284974e-01 9.9792746113990e-02 5.9481865284974e-02
1.5528888888889e-01 1.1520000000000e-01 5.1591111111111e-01 4.1688888888889e-02 1.7191111111111e-01
9.2215568862275e-03 1.2814371257485e-01 4.2035928143713e-02 3.7844311377245e-01 4.4215568862275e-01
7.2876712328767e-02 1.4401826484018e-01 4.0347031963470e-01 1.7908675799087e-01 2.0054794520548e-01
1.9463414634146e-01 4.1951219512195e-02 2.6536585365854e-01 2.6975609756098e-01 2.2829268292683e-01
2.3832512315271e-01 4.9261083743842e-02 5.4334975369458e-01 3.2610837438424e-02 1.3645320197044e-01
1.6342541436464e-01 1.7281767955801e-01 6.4839779005525e-01 8.3977900552486e-03 6.9613259668508e-03
2.0751173708920e-02 4.6338028169014e-01 2.8769953051643e-01 1.9061032863850e-01 3.7558685446009e-02
9.5776397515528e-02 2.1366459627329e-02 2.6236024844720e-01 5.0062111801242e-02 5.7043478260870e-01
3.2782608695652e-01 2.5478260869565e-01 1.9101449275362e-01 1.9159420289855e-01 3.4782608695652e-02
2.8449760765550e-01 1.3444976076555e-01 4.0497607655502e-01 1.7033492822967e-02 1.5904306220096e-01
1.9391304347826e-01 2.0000000000000e-02 2.2000000000000e-01 2.0173913043478e-01 3.6434782608696e-01
3.5600000000000e-01 4.0000000000000e-03 2.5317647058824e-01 3.5294117647059e-03 3.8329411764706e-01
6.3157894736842e-03 1.9712918660287e-01 5.5014354066986e-01 1.1205741626794e-01 1.3435406698565e-01
4.1552238805970e-01 3.2835820895522e-03 1.2238805970149e-01 7.5223880597015e-02 3.8358208955224e-01
1.3396984924623e-01 2.3487437185930e-01 5.9919597989950e-01 2.3015075376884e-02 8.9447236180905e-03
5.6109890109890e-01 2.8571428571429e-03 3.6703296703297e-02 7.6923076923077e-02 3.2241758241758e-01
3.0552763819095e-02 2.4462311557789e-01 6.5175879396985e-01 4.7035175879397e-02 2.6030150753769e-02
8.3084577114428e-02 1.1691542288557e-01 6.1651741293532e-01 1.4388059701493e-01 3.9601990049751e-02
1.2642533936652e-01 2.2452488687783e-01 5.1556561085973e-01 9.2941176470588e-02 4.0542986425339e-02