2.7748691099476e-02 9.0157068062827e-02 2.1989528795812e-03 1.4869109947644e-02 3.3130890052356e-01 7.8534031413613e-03 4.7120418848168e-03 6.2094240837696e-02 2.1989528795811e-03 1.4659685863874e-03 6.4921465968586e-03 1.9895287958115e-02 2.1989528795811e-03 5.3298429319372e-02 3.0366492146597e-03 1.0052356020942e-02 1.9895287958115e-03 6.7225130890052e-02 5.3089005235602e-02 1.3612565445026e-01 1.7801047120419e-03 4.0104712041885e-02 2.7120418848168e-02 3.0366492146597e-02 2.6178010471204e-03
1.1982832618026e-01 4.9785407725322e-03 5.2360515021459e-03 8.6695278969957e-03 1.9124463519313e-01 2.3175965665236e-03 5.6652360515021e-02 1.8454935622318e-01 2.7639484978541e-02 4.6523605150215e-02 2.1459227467811e-03 4.6781115879828e-02 4.1287553648069e-02 3.0386266094421e-02 5.8712446351931e-02 1.5622317596567e-02 2.7467811158798e-03 2.4034334763949e-03 2.2575107296137e-02 3.0042918454936e-03 3.9484978540773e-03 7.1244635193133e-03 1.5450643776824e-03 1.0755364806867e-01 6.5236051502146e-03
3.0222222222222e-02 1.0133333333333e-01 2.6844444444444e-02 4.1866666666667e-02 1.6764444444444e-01 6.3111111111111e-03 5.9111111111111e-02 8.1422222222222e-02 1.6000000000000e-03 5.2444444444444e-03 2.1333333333333e-03 7.5555555555556e-03 3.8222222222222e-03 9.9555555555556e-03 1.0755555555556e-02 6.8444444444444e-03 4.3555555555556e-03 3.4666666666667e-02 6.7644444444444e-02 1.1333333333333e-01 6.6666666666667e-03 2.2933333333333e-02 2.0266666666667e-02 1.5804444444444e-01 9.4222222222222e-03
1.7877094972067e-03 1.4972067039106e-02 1.7206703910615e-02 1.0502793296089e-02 4.7486033519553e-02 2.6815642458101e-03 1.6648044692737e-02 6.4804469273743e-03 8.4916201117318e-03 2.3575418994413e-02 9.9441340782123e-03 2.6815642458101e-03 3.3854748603352e-02 8.8715083798883e-02 9.0391061452514e-02 1.3150837988827e-01 1.7430167597765e-02 2.0122905027933e-01 2.1229050279330e-03 1.9776536312849e-02 7.9329608938548e-03 3.0167597765363e-02 7.7653631284916e-02 1.2089385474860e-01 1.5865921787710e-02
4.5751633986928e-03 2.3529411764706e-03 1.4117647058824e-02 4.1830065359477e-03 9.8823529411765e-02 8.5359477124183e-02 2.4836601307190e-03 4.9673202614379e-03 3.6339869281046e-02 1.2549019607843e-02 2.6352941176471e-01 1.8169934640523e-02 4.3137254901961e-03 2.0915032679739e-03 6.4052287581699e-03 1.6993464052288e-03 3.4352941176471e-01 1.4379084967320e-03 2.0915032679739e-02 2.1307189542484e-02 2.6143790849673e-03 7.9738562091503e-03 1.3071895424837e-03 3.3856209150327e-02 5.0980392156863e-03
8.7248322147651e-03 3.7449664429530e-02 1.3691275167785e-02 4.1610738255033e-03 1.7583892617450e-02 4.3020134228188e-01 2.9530201342282e-03 2.9530201342282e-03 1.9248322147651e-01 1.2402684563758e-01 3.3557046979866e-02 1.8791946308725e-03 1.9328859060403e-02 4.4295302013423e-03 7.3825503355705e-03 2.5234899328859e-02 4.1610738255034e-03 2.2818791946309e-03 1.5973154362416e-02 5.3691275167785e-03 4.4295302013423e-03 4.0268456375839e-03 2.1476510067114e-03 1.7449664429530e-03 3.3825503355705e-02
1.8202247191011e-02 8.3146067415730e-03 3.3707865168539e-03 3.7528089887640e-02 6.7415730337078e-03 1.7146067415730e-01 1.1460674157303e-02 4.0449438202247e-03 4.1348314606742e-02 1.5955056179775e-02 5.1235955056180e-02 5.1685393258427e-03 5.6629213483146e-02 3.5730337078652e-02 2.2471910112360e-03 5.3932584269663e-03 4.5752808988764e-01 9.8876404494382e-03 3.3707865168539e-03 1.6853932584270e-02 4.7191011235955e-03 1.0112359550562e-02 2.9213483146067e-03 7.1910112359551e-03 1.2584269662921e-02
6.3216080402010e-02 2.6934673366834e-02 3.3969849246231e-02 2.6331658291457e-02 1.9648241206030e-01 5.9296482412060e-03 6.1306532663317e-03 3.3266331658291e-02 1.0653266331658e-02 4.3216080402010e-03 1.5075376884422e-03 5.3065326633166e-02 1.9597989949749e-02 3.4673366834171e-02 5.8291457286432e-03 2.1718592964824e-01 6.2311557788945e-03 3.1457286432161e-02 1.9698492462312e-02 1.2562814070352e-02 3.8190954773869e-03 8.4824120603015e-02 4.3216080402010e-03 9.1859296482412e-02 6.1306532663317e-03
5.1759656652361e-02 1.4420600858369e-02 1.9656652360515e-02 7.2103004291845e-03 2.5304721030043e-01 1.5450643776824e-03 5.2875536480687e-02 1.7424892703863e-02 8.0686695278970e-03 3.3133047210300e-02 1.5879828326180e-02 1.6566523605150e-02 7.2875536480687e-02 3.0901287553648e-03 9.0214592274678e-02 2.2660944206009e-02 2.2317596566524e-03 1.1502145922747e-01 1.6995708154506e-02 9.0987124463519e-03 1.0300429184549e-02 3.0042918454936e-03 7.5536480686695e-03 1.5141630901288e-01 3.9484978540773e-03
1.2277227722772e-02 8.9108910891089e-03 4.9504950495050e-03 1.6039603960396e-02 5.3267326732673e-02 5.5445544554455e-03 2.0594059405941e-02 8.9108910891089e-03 4.7920792079208e-02 7.3267326732673e-03 1.0891089108911e-02 3.5643564356436e-03 8.1188118811881e-03 1.4455445544554e-02 7.3069306930693e-02 2.7722772277228e-03 2.4792079207921e-01 1.1287128712871e-02 1.6732673267327e-01 3.4257425742574e-02 6.1386138613861e-03 2.5148514851485e-02 1.8217821782178e-02 6.1386138613861e-03 1.8495049504950e-01
6.1728395061728e-03 4.1975308641975e-03 3.3580246913580e-02 3.9506172839506e-03 3.4567901234568e-02 7.2592592592593e-02 1.2592592592593e-02 3.9506172839506e-03 9.1358024691358e-03 2.6320987654321e-01 4.7654320987654e-02 2.4691358024691e-03 1.5135802469136e-01 3.2098765432099e-03 1.8271604938272e-02 1.2345679012346e-02 6.6666666666667e-03 1.2691358024691e-01 6.9135802469136e-03 2.0493827160494e-02 9.9012345679012e-02 1.7530864197531e-02 5.6790123456790e-03 2.8641975308642e-02 8.8888888888889e-03
6.7317073170732e-02 6.3317073170732e-02 5.7658536585366e-02 4.4878048780488e-03 1.4517073170732e-01 5.5609756097561e-03 7.8048780487805e-03 2.9287804878049e-01 2.5365853658537e-03 1.1707317073171e-03 1.7560975609756e-02 3.9024390243902e-03 1.2390243902439e-02 5.5512195121951e-02 2.8292682926829e-03 1.7560975609756e-03 2.3414634146341e-03 3.5609756097561e-02 3.0829268292683e-02 7.6097560975610e-03 6.7317073170732e-03 3.9902439024390e-02 3.0439024390244e-02 1.0273170731707e-01 1.9512195121951e-03
3.1428571428571e-02 1.5824175824176e-02 1.7142857142857e-02 5.9340659340659e-02 1.7802197802198e-02 5.3626373626374e-02 2.1978021978022e-03 2.2857142857143e-02 4.8351648351648e-03 4.6153846153846e-03 1.2000000000000e-01 6.8131868131868e-03 1.5824175824176e-02 3.7802197802198e-02 2.8571428571429e-03 3.2967032967033e-03 4.4791208791209e-01 9.6703296703297e-03 6.1538461538461e-03 5.4945054945055e-02 1.6703296703297e-02 3.2967032967033e-03 2.6373626373626e-03 7.9120879120879e-03 3.4505494505494e-02
6.0098522167488e-03 4.9359605911330e-02 5.8719211822660e-02 4.7586206896552e-02 2.3990147783251e-01 1.9704433497537e-03 1.3793103448276e-03 1.7142857142857e-02 3.3497536945813e-03 7.9113300492611e-02 2.9950738916256e-02 3.7438423645320e-03 2.2147783251232e-01 1.0443349753695e-02 1.5665024630542e-02 3.1527093596059e-03 2.7586206896552e-03 2.3940886699507e-02 3.6453201970443e-03 1.1231527093596e-02 2.6206896551724e-02 1.2118226600985e-02 9.1921182266010e-02 3.7635467980296e-02 1.5763546798030e-03
4.5086705202312e-03 3.4566473988439e-02 5.6647398843931e-03 2.3583815028902e-02 1.2000000000000e-01 2.3352601156069e-02 3.1213872832370e-03 1.1445086705202e-02 2.6589595375723e-03 2.0115606936416e-02 1.4832369942197e-01 4.4508670520231e-02 1.1017341040462e-01 2.6936416184971e-02 1.4936416184971e-01 1.0855491329480e-01 2.7745664739884e-03 9.4797687861272e-03 1.2023121387283e-02 4.0462427745665e-03 3.5838150289017e-03 1.2832369942197e-02 3.0057803468208e-03 1.0797687861272e-01 7.3988439306359e-03
2.9059829059829e-03 2.9059829059829e-03 6.8376068376068e-02 1.8803418803419e-03 1.0598290598291e-02 2.4102564102564e-02 2.2222222222222e-03 1.3504273504274e-02 1.2871794871795e-01 1.9230769230769e-01 1.1111111111111e-02 2.2393162393162e-02 1.0769230769231e-02 5.6410256410256e-03 1.5435897435897e-01 4.4444444444444e-03 1.5299145299145e-01 2.3931623931624e-03 4.1025641025641e-03 1.9316239316239e-02 1.5264957264957e-01 3.9316239316239e-03 2.9059829059829e-03 2.0512820512820e-03 3.4188034188034e-03
4.9953917050691e-02 4.3502304147465e-02 3.5944700460830e-03 3.4930875576037e-02 2.4838709677419e-01 7.1889400921659e-03 2.5354838709677e-01 3.0691244239631e-02 3.9723502304147e-02 3.2258064516129e-03 1.1705069124424e-02 3.5207373271889e-02 2.6728110599078e-03 3.2350230414747e-02 4.2672811059908e-02 3.8709677419355e-03 1.6866359447005e-02 2.0921658986175e-02 6.1751152073733e-03 4.3963133640553e-02 1.1520737327189e-02 6.1751152073733e-03 1.9354838709677e-03 3.0322580645161e-02 1.8894009216590e-02
2.2429906542056e-02 3.9252336448598e-03 1.6635514018692e-02 6.5233644859813e-02 4.1308411214953e-02 1.3233644859813e-01 2.9906542056075e-03 4.1121495327103e-03 4.3364485981308e-02 4.1121495327103e-03 1.7383177570093e-02 6.7289719626168e-03 1.3457943925234e-02 9.0841121495327e-02 7.1028037383178e-03 2.2429906542056e-03 1.1794392523364e-01 7.2897196261682e-03 2.1121495327103e-02 5.7383177570093e-02 5.6448598130841e-02 2.4672897196262e-02 2.4299065420561e-03 2.6168224299065e-03 2.3588785046729e-01
1.2592592592593e-02 6.9841269841270e-03 1.2698412698413e-02 9.7354497354498e-03 1.0825396825397e-01 2.4338624338624e-03 7.9365079365080e-03 4.7619047619048e-03 2.1164021164021e-03 4.9312169312169e-02 2.5396825396825e-03 4.6560846560846e-03 1.7481481481481e-01 1.0582010582011e-02 1.1428571428571e-02 8.9947089947090e-02 8.5714285714286e-03 4.8677248677249e-02 7.2804232804233e-02 3.9788359788360e-02 1.5767195767196e-02 9.7354497354497e-03 1.9936507936508e-01 8.1481481481481e-02 1.3015873015873e-02
1.1587982832618e-02 1.8283261802575e-02 2.2575107296137e-02 1.7167381974249e-03 2.3399141630901e-01 2.7467811158798e-03 1.2875536480687e-02 2.0480686695279e-01 1.5450643776824e-03 1.7167381974249e-03 2.7467811158798e-03 1.6995708154506e-02 4.5836909871245e-02 1.2017167381974e-03 1.5450643776824e-03 3.9484978540773e-03 6.3519313304721e-03 4.2060085836910e-03 1.8369098712446e-02 2.1888412017167e-02 6.0944206008584e-03 3.5193133047210e-03 1.6600858369099e-01 1.8660944206009e-01 2.8326180257511e-03
5.0246305418719e-03 2.0709359605911e-01 2.7586206896552e-02 4.7487684729064e-02 2.2453201970443e-01 6.5024630541872e-03 1.7931034482759e-02 1.2758620689655e-01 2.4630541871921e-03 1.5763546798030e-03 4.2167487684729e-02 7.4876847290640e-03 6.4433497536946e-02 6.5024630541872e-03 6.9950738916256e-03 1.9704433497537e-02 6.9950738916256e-03 1.6748768472906e-03 2.7881773399015e-02 6.6995073891626e-03 1.7733990147783e-02 2.7586206896552e-03 1.7832512315271e-02 9.9014778325123e-02 4.3349753694581e-03
3.3548387096774e-03 1.4193548387097e-03 5.0322580645161e-03 2.1935483870968e-03 7.8709677419355e-03 2.7316129032258e-01 3.2258064516129e-03 1.2903225806452e-03 4.9935483870968e-02 1.7870967741935e-01 6.2064516129032e-02 2.3225806451613e-03 6.7096774193549e-03 1.2645161290323e-02 5.9096774193548e-02 4.7741935483871e-03 1.1870967741935e-01 1.6774193548387e-03 1.4967741935484e-02 6.5806451612903e-03 1.0696774193548e-01 1.5483870967742e-03 4.3870967741935e-03 4.1290322580645e-03 6.7225806451613e-02
1.5091633466135e-01 4.0876494023904e-02 4.9083665338645e-02 3.8247011952191e-02 2.6605577689243e-01 1.2270916334661e-02 2.0717131474104e-03 3.0517928286853e-02 1.6733067729084e-03 3.9840637450199e-03 2.0717131474104e-03 5.9203187250996e-02 9.6414342629482e-03 1.8007968127490e-02 8.2868525896414e-03 2.3027888446215e-02 1.6733067729084e-03 1.1649402390438e-01 9.2509960159363e-02 1.9203187250996e-02 1.9123505976096e-03 2.5737051792829e-02 5.5776892430279e-03 1.7768924302789e-02 3.1872509960159e-03
1.0974358974359e-02 2.7589743589744e-02 9.1282051282051e-03 2.9538461538462e-02 1.3364102564103e-01 1.2820512820513e-02 2.8717948717949e-03 1.4800000000000e-01 2.7692307692308e-03 1.9487179487180e-03 2.9743589743590e-03 2.6666666666667e-03 2.8512820512820e-02 9.3333333333333e-03 2.6184615384615e-01 2.3282051282051e-02 1.5589743589744e-02 4.2051282051282e-03 3.2205128205128e-02 5.7435897435898e-03 9.3333333333333e-03 1.1179487179487e-02 2.5025641025641e-02 1.7538461538462e-01 1.3435897435897e-02
1.1088082901554e-02 1.8860103626943e-02 1.0777202072539e-02 5.5647668393782e-02 1.0704663212435e-01 2.2176165803109e-02 3.5647668393782e-02 4.2590673575130e-02 1.3056994818653e-02 3.0362694300518e-02 1.5336787564767e-02 1.6269430051813e-02 3.2124352331606e-03 1.3989637305700e-02 3.6787564766839e-02 1.6580310880829e-03 4.5388601036269e-02 3.7409326424870e-02 3.4922279792746e-02 1.4839378238342e-01 2.1761658031088e-03 1.2341968911917e-01 1.6041450777202e-01 9.4300518134715e-03 3.9378238341969e-03
6.4470588235294e-02 2.8235294117647e-03 5.1764705882353e-03 3.2941176470588e-03 8.0000000000000e-03 2.4000000000000e-02 4.4705882352941e-03 2.5882352941176e-03 2.4000000000000e-02 3.0588235294118e-03 1.8517647058824e-01 4.2352941176471e-03 8.7058823529412e-03 1.0588235294118e-02 5.4117647058824e-02 2.8235294117647e-03 4.6400000000000e-01 2.8235294117647e-03 8.3529411764706e-02 3.7647058823529e-03 6.1176470588235e-03 2.2352941176471e-02 2.5882352941176e-03 3.0588235294118e-03 4.2352941176471e-03
3.0646766169154e-02 9.7512437810945e-03 4.1990049751244e-02 6.2686567164179e-02 1.2945273631841e-01 2.6865671641791e-03 7.2636815920398e-03 4.6666666666667e-02 2.9850746268657e-03 7.2636815920398e-03 1.7910447761194e-03 2.3283582089552e-02 3.8208955223881e-02 1.8706467661692e-02 1.5920398009950e-03 1.7194029850746e-01 3.6815920398010e-03 1.8407960199005e-02 4.9751243781094e-03 2.7761194029851e-02 2.1890547263682e-03 6.3582089552239e-02 5.5920398009950e-02 2.2407960199005e-01 2.4875621890547e-03
4.5614035087719e-03 3.8596491228070e-03 1.1052631578947e-01 9.0526315789474e-02 8.0701754385965e-03 3.1298245614035e-01 6.3157894736842e-03 2.1754385964912e-02 8.7719298245614e-03 8.1403508771930e-02 4.2105263157895e-03 1.3684210526316e-02 3.6842105263158e-02 1.8245614035088e-02 1.1192982456140e-01 5.9649122807018e-03 7.7192982456140e-03 3.8596491228070e-03 1.0245614035088e-01 7.3684210526316e-03 5.2631578947368e-03 5.9649122807018e-03 4.9122807017544e-03 1.4736842105263e-02 8.0701754385965e-03
1.0370370370370e-02 4.1975308641975e-02 2.1234567901235e-02 1.4246913580247e-01 1.5802469135802e-02 1.6814814814815e-01 1.1358024691358e-02 3.2098765432099e-03 3.7037037037037e-03 1.1407407407407e-01 8.1481481481481e-03 3.4567901234568e-03 3.3580246913580e-02 5.1111111111111e-02 1.3086419753086e-02 1.6790123456790e-02 1.0864197530864e-02 8.8888888888889e-03 2.5925925925926e-02 4.3950617283951e-02 5.7777777777778e-02 5.4320987654321e-03 1.1851851851852e-01 6.4938271604938e-02 5.1851851851852e-03
3.1746031746032e-03 2.6984126984127e-02 1.5333333333333e-01 6.0317460317460e-03 3.7777777777778e-02 5.2380952380952e-02 4.4444444444444e-03 4.7619047619048e-03 1.9365079365079e-02 5.7142857142857e-03 2.4444444444444e-02 3.1746031746032e-03 1.3968253968254e-02 5.3968253968254e-03 9.4603174603175e-02 2.2857142857143e-02 4.7619047619048e-03 4.1269841269841e-03 1.3428571428571e-01 3.8095238095238e-03 3.5079365079365e-01 4.4444444444444e-03 3.1746031746032e-03 4.4444444444444e-03 1.1746031746032e-02
4.7619047619048e-03 6.6666666666667e-02 1.2000000000000e-02 2.3619047619048e-02 4.7809523809524e-02 1.3276190476190e-01 3.9238095238095e-02 4.3809523809524e-03 2.5523809523810e-02 1.2019047619048e-01 2.1142857142857e-02 2.8571428571429e-03 3.0857142857143e-02 6.8000000000000e-02 4.0000000000000e-03 2.6971428571429e-01 1.4285714285714e-02 4.0000000000000e-03 1.2761904761905e-02 4.7619047619048e-03 2.2857142857143e-02 8.3809523809524e-03 2.8952380952381e-02 4.0000000000000e-03 2.6476190476190e-02
1.6267942583732e-03 2.7942583732057e-02 1.2057416267943e-02 1.1770334928230e-02 1.5712918660287e-01 2.2966507177034e-03 4.8516746411483e-02 2.6794258373206e-02 7.3684210526316e-03 7.1770334928230e-03 8.1626794258373e-02 1.4354066985646e-03 5.1483253588517e-02 4.8803827751196e-03 2.9665071770335e-03 1.7416267942584e-02 8.5071770334928e-02 3.3397129186603e-02 1.7511961722488e-02 2.0861244019139e-02 1.7416267942584e-02 1.6220095693780e-01 6.1435406698565e-02 1.2555023923445e-01 1.4066985645933e-02
4.2290748898678e-02 8.3700440528634e-03 2.0088105726872e-02 8.9603524229075e-02 2.2872246696035e-01 2.7312775330397e-03 1.5859030837004e-03 2.8105726872247e-02 1.2334801762115e-03 2.5198237885463e-02 4.0616740088106e-02 2.6607929515419e-02 5.5859030837004e-02 4.4405286343612e-02 3.2511013215859e-02 2.1762114537445e-02 2.1145374449339e-03 1.1541850220264e-02 2.4933920704846e-02 7.7533039647577e-03 1.1277533039648e-02 1.1859030837004e-01 2.1145374449339e-02 1.1603524229075e-01 1.6916299559471e-02
9.6296296296296e-03 7.4074074074074e-03 3.0370370370370e-02 7.4074074074074e-03 2.3703703703704e-02 5.6592592592593e-01 1.7777777777778e-02 1.0370370370370e-02 8.0000000000000e-02 1.2592592592593e-02 7.4074074074074e-03 1.0370370370370e-02 1.1111111111111e-02 8.8888888888889e-03 8.1481481481482e-03 7.4074074074074e-03 1.1111111111111e-02 2.0740740740741e-02 2.1481481481481e-02 2.0000000000000e-02 1.2592592592593e-02 2.6666666666667e-02 1.6296296296296e-02 3.4074074074074e-02 1.8518518518518e-02
4.1124497991968e-02 4.8674698795181e-02 1.5261044176707e-02 5.4618473895582e-03 2.0000000000000e-01 1.4618473895582e-02 3.5983935742972e-02 1.8393574297189e-02 3.8554216867470e-03 1.5823293172691e-02 2.0000000000000e-02 7.8714859437751e-03 1.2514056224900e-01 1.5662650602410e-02 3.2610441767068e-02 2.8192771084337e-02 2.4899598393574e-03 2.6345381526104e-02 9.3172690763052e-03 4.3614457831325e-02 1.7269076305221e-02 1.3694779116466e-01 1.5261044176707e-02 1.1341365461847e-01 6.6666666666667e-03
4.3703703703704e-02 8.8888888888889e-02 4.1269841269841e-03 1.2920634920635e-01 1.0148148148148e-01 2.5396825396825e-03 4.9100529100529e-02 2.6137566137566e-02 4.1269841269841e-03 2.5396825396825e-03 8.2539682539683e-03 8.8994708994709e-02 3.8835978835979e-02 2.3492063492064e-02 2.2222222222222e-02 2.5714285714286e-02 4.5502645502645e-03 5.2910052910053e-02 2.1375661375661e-02 2.8253968253968e-02 4.5502645502645e-03 1.0603174603175e-01 1.8412698412698e-02 9.6190476190476e-02 8.3597883597884e-03
3.9336099585062e-02 3.8174273858921e-03 4.1659751037344e-02 3.3609958506224e-02 2.2896265560166e-01 5.2282157676349e-03 2.2738589211618e-02 1.3775933609958e-01 2.6556016597510e-03 1.2863070539419e-02 1.9419087136929e-02 3.2365145228216e-03 5.4107883817427e-02 3.6431535269710e-02 5.3112033195021e-03 2.7385892116183e-03 1.3278008298755e-03 1.8174273858921e-02 7.3029045643154e-03 1.2863070539419e-02 2.3236514522822e-03 4.3900414937759e-02 1.6697095435685e-01 9.3360995850622e-02 3.9004149377593e-03
6.0284360189573e-02 6.8436018957346e-02 3.2985781990521e-02 2.5497630331754e-02 1.8853080568720e-01 3.8862559241706e-03 9.0995260663507e-03 1.8483412322275e-02 3.9810426540284e-03 3.5071090047393e-03 4.8341232227488e-03 1.5545023696682e-02 7.3933649289100e-03 3.5355450236967e-02 3.8862559241706e-03 6.5402843601896e-03 1.7819905213270e-02 1.7819905213270e-02 2.7962085308057e-02 1.1800947867299e-01 1.6966824644550e-02 1.3298578199052e-01 2.2654028436019e-02 1.5450236966825e-01 3.0331753554502e-03
2.9841269841270e-02 2.8571428571429e-02 4.7619047619048e-03 3.8095238095238e-03 9.6507936507936e-02 1.8984126984127e-01 9.5238095238095e-03 7.3015873015873e-03 2.1904761904762e-02 1.4920634920635e-02 3.1746031746032e-03 8.0317460317460e-02 4.1269841269841e-03 1.1428571428571e-02 1.2190476190476e-01 2.5714285714286e-02 1.9555555555556e-01 6.9841269841270e-03 6.0317460317460e-03 4.7619047619048e-03 6.3809523809524e-02 6.3492063492063e-03 4.1269841269841e-03 7.9365079365079e-03 5.0793650793651e-02
2.5642023346303e-01 5.8365758754864e-03 4.1634241245136e-02 6.4902723735408e-02 1.0116731517510e-01 2.3346303501946e-03 2.6536964980545e-02 1.7182879377432e-01 1.3229571984436e-03 1.2607003891051e-02 2.4124513618677e-03 5.5953307392996e-02 1.5408560311284e-02 1.6731517509728e-02 1.3229571984436e-03 2.5680933852140e-03 2.6459143968872e-03 2.4902723735409e-03 3.9066147859922e-02 2.7704280155642e-02 2.0544747081712e-02 2.8871595330739e-02 4.2023346303502e-03 9.3307392996109e-02 2.1789883268482e-03
3.3155555555556e-02 1.7511111111111e-02 6.6844444444444e-02 1.7866666666667e-02 1.1857777777778e-01 2.5777777777778e-03 4.7111111111111e-03 3.0222222222222e-03 4.0888888888889e-03 3.4666666666667e-03 4.0000000000000e-03 2.6044444444444e-02 6.3288888888889e-02 5.6088888888889e-02 5.1555555555556e-02 2.1600000000000e-02 1.3333333333333e-03 2.0551111111111e-01 5.5200000000000e-02 4.9955555555556e-02 2.1333333333333e-03 5.5377777777778e-02 4.0888888888889e-03 1.2702222222222e-01 4.9777777777778e-03
4.7887323943662e-03 5.6338028169014e-03 6.4788732394366e-03 3.3802816901408e-03 1.8591549295775e-02 3.5154929577465e-01 6.1971830985915e-03 3.3802816901408e-03 5.3521126760563e-03 7.6056338028169e-03 3.0985915492958e-03 6.7605633802817e-03 4.5070422535211e-03 3.9436619718310e-03 3.4647887323944e-02 6.4788732394366e-03 1.5211267605634e-02 7.3239436619718e-03 1.7746478873239e-02 1.1830985915493e-01 6.1971830985915e-03 1.6281690140845e-01 7.0985915492958e-02 1.1718309859155e-01 1.1830985915493e-02
1.7322834645669e-03 1.7322834645669e-03 1.0078740157480e-02 6.6141732283465e-03 1.5118110236220e-02 2.6677165354331e-01 2.2047244094488e-03 2.3149606299213e-02 7.4015748031496e-03 8.5039370078740e-03 5.8267716535433e-02 2.5196850393701e-03 2.2047244094488e-03 7.9212598425197e-02 4.7370078740158e-01 3.9370078740157e-03 1.8897637795276e-03 1.5748031496063e-03 9.2913385826772e-03 4.7244094488189e-03 3.3070866141732e-03 2.2047244094488e-03 2.8346456692913e-03 7.4015748031496e-03 3.6220472440945e-03
2.0838323353293e-02 8.9820359281437e-03 1.5928143712575e-02 1.2455089820359e-02 7.3053892215569e-03 2.2000000000000e-01 1.1616766467066e-02 3.1137724550898e-03 4.1916167664671e-03 2.7772455089820e-01 1.2850299401198e-01 1.5568862275449e-03 8.0239520958084e-02 2.3832335329341e-02 1.0898203592814e-02 4.3113772455090e-03 1.3293413173653e-02 3.4730538922156e-03 2.9461077844311e-02 9.3413173652695e-03 1.9281437125749e-02 3.6646706586826e-02 6.3473053892216e-03 7.3053892215569e-03 4.3353293413174e-02
4.0506329113924e-03 1.0632911392405e-02 1.6303797468354e-01 4.1265822784810e-02 7.3417721518987e-03 1.8759493670886e-01 2.2531645569620e-02 7.3417721518987e-03 4.0000000000000e-02 1.0734177215190e-01 1.7696202531646e-01 8.8607594936709e-03 6.5569620253165e-02 1.5949367088608e-02 4.8101265822785e-03 4.8101265822785e-03 3.7974683544304e-03 3.0379746835443e-03 1.3924050632911e-02 3.5949367088608e-02 9.1139240506329e-03 5.3164556962025e-03 7.0886075949367e-03 1.4177215189873e-02 3.9493670886076e-02
7.8151260504202e-02 3.0252100840336e-03 1.0924369747899e-02 1.1428571428571e-02 1.9663865546218e-02 2.7966386554622e-01 9.4117647058824e-03 1.7815126050420e-02 6.0840336134454e-02 5.5462184873950e-03 3.2638655462185e-01 3.8655462184874e-03 6.2184873949580e-03 5.6302521008403e-02 5.5462184873950e-03 1.8487394957983e-03 3.6974789915966e-03 7.8991596638655e-03 2.8571428571429e-03 5.5294117647059e-02 1.5630252100840e-02 4.5378151260504e-03 6.5546218487395e-03 4.3697478991597e-03 2.5210084033613e-03
3.6363636363636e-02 7.4380165289256e-03 6.4462809917355e-03 3.4710743801653e-03 7.4049586776859e-02 2.6842975206612e-01 9.0909090909091e-03 1.9834710743802e-03 4.0000000000000e-02 3.8016528925620e-03 3.7851239669421e-02 1.2727272727273e-02 2.3140495867769e-03 1.0247933884298e-02 5.0082644628099e-02 5.2892561983471e-03 3.6314049586777e-01 2.9752066115703e-03 2.7933884297521e-02 3.3057851239669e-03 1.2066115702479e-02 7.9338842975207e-03 3.1404958677686e-03 2.1487603305785e-03 7.7685950413223e-03
7.2727272727273e-03 2.6262626262626e-03 2.2222222222222e-03 3.4343434343434e-03 6.4040404040404e-02 1.4505050505050e-01 1.1111111111111e-02 2.6262626262626e-03 6.6666666666667e-03 2.8686868686869e-01 5.7575757575758e-02 4.0404040404040e-03 1.4747474747475e-02 1.6363636363636e-02 1.1777777777778e-01 2.1919191919192e-01 5.0505050505051e-03 2.6262626262626e-03 4.2424242424243e-03 3.0303030303030e-03 3.4343434343434e-03 2.4242424242424e-03 3.8383838383838e-03 9.6969696969697e-03 4.0404040404040e-03
3.1300448430493e-02 5.9551569506726e-02 7.9820627802690e-03 6.3677130044843e-02 1.5470852017937e-01 1.3004484304933e-02 1.2197309417040e-01 2.8520179372197e-02 6.9955156950673e-03 2.1255605381166e-02 1.8026905829596e-02 3.8026905829596e-02 1.4233183856502e-01 7.9820627802691e-03 1.2197309417040e-02 6.3497757847534e-02 9.5964125560538e-03 3.2107623318386e-02 3.6412556053812e-02 2.7085201793722e-02 2.1165919282511e-02 1.2197309417040e-02 5.8295964125560e-03 5.5605381165919e-02 8.9686098654708e-03
2.5739910313901e-02 1.1659192825112e-02 5.4349775784753e-02 6.4932735426009e-02 1.3623318385650e-01 1.0699551569507e-01 4.5739910313901e-03 8.8789237668161e-03 3.7040358744395e-02 2.0179372197309e-02 5.7040358744395e-02 2.5112107623318e-03 1.1183856502242e-01 3.9461883408072e-03 2.8520179372197e-02 1.9372197309417e-02 2.1524663677130e-03 3.2376681614350e-02 1.5336322869955e-02 6.9686098654708e-02 1.0923766816143e-01 5.0941704035874e-02 1.7040358744395e-03 2.3049327354260e-02 1.7040358744395e-03
6.4599483204134e-03 2.3255813953488e-03 1.1576227390181e-02 2.6304909560724e-02 8.4237726098191e-03 8.7441860465116e-02 3.1007751937985e-03 1.3746770025840e-02 4.8733850129199e-02 8.0103359173126e-03 5.1679586563308e-03 5.7881136950904e-03 2.3462532299742e-02 1.0987080103359e-01 4.6304909560724e-02 4.3410852713178e-02 3.7260981912145e-02 1.5917312661499e-02 4.4806201550388e-02 7.5555555555556e-02 9.5090439276486e-03 2.6149870801034e-02 1.4056847545220e-02 1.3488372093023e-02 3.1312661498708e-01
1.7300411522634e-01 1.0123456790123e-02 3.0864197530864e-02 1.1440329218107e-02 1.3662551440329e-01 2.2551440329218e-02 1.8855967078189e-01 1.0781893004115e-02 1.0008230452675e-01 4.1152263374486e-03 1.1275720164609e-02 9.5473251028807e-03 3.4567901234568e-03 3.9094650205761e-02 2.3045267489712e-03 1.8930041152263e-03 6.0082304526749e-03 3.8683127572017e-03 3.1111111111111e-02 8.4526748971193e-02 1.0288065843621e-02 5.1111111111111e-02 2.5514403292181e-03 4.3621399176955e-02 1.1193415637860e-02
2.5225225225225e-03 1.2252252252252e-02 1.8018018018018e-02 1.8018018018018e-03 4.9909909909910e-02 1.1711711711712e-02 2.5225225225225e-03 3.4234234234234e-03 4.8468468468468e-02 1.9207207207207e-01 4.6666666666667e-01 2.5225225225225e-03 1.0090090090090e-02 2.1621621621622e-03 5.5855855855856e-03 6.3063063063063e-03 5.9459459459459e-03 2.1621621621622e-03 3.6036036036036e-03 6.4864864864865e-03 1.2468468468468e-01 3.9639639639640e-03 2.3423423423423e-03 3.7837837837838e-03 1.0990990990991e-02
4.0000000000000e-03 4.0000000000000e-03 4.9523809523810e-03 1.1238095238095e-02 3.9428571428571e-02 1.5028571428571e-01 2.4761904761905e-02 4.7619047619048e-03 2.3561904761905e-01 1.2571428571429e-02 1.7047619047619e-01 5.9047619047619e-03 3.9619047619048e-02 5.2761904761905e-02 2.0952380952381e-02 3.0476190476191e-03 4.8190476190476e-02 1.5238095238095e-02 8.9523809523810e-03 7.2761904761905e-02 3.4285714285714e-02 1.2952380952381e-02 1.5238095238095e-02 5.3333333333333e-03 2.6666666666667e-03
4.1614349775785e-02 3.6233183856502e-02 5.2914798206278e-03 1.9013452914798e-02 1.9668161434978e-01 2.1524663677130e-03 2.4573991031390e-02 5.6502242152466e-02 1.5515695067265e-02 9.0582959641255e-03 1.7040358744395e-03 1.2493273542601e-01 9.4170403587444e-03 1.7219730941704e-02 2.5829596412556e-02 1.9614349775785e-01 2.0627802690583e-03 2.5470852017937e-02 2.4932735426009e-02 2.5291479820628e-02 5.2466367713005e-02 1.8744394618834e-02 8.9686098654708e-03 5.5067264573991e-02 5.1121076233184e-03
1.6623376623377e-02 4.9350649350649e-02 9.3506493506494e-03 2.1558441558442e-02 1.2103896103896e-01 2.3896103896104e-01 2.5714285714286e-02 7.5324675324675e-03 1.2207792207792e-01 4.2077922077922e-02 3.9220779220779e-02 9.0909090909091e-03 4.4675324675325e-02 2.6753246753247e-02 3.8701298701299e-02 2.0519480519480e-02 1.1428571428571e-02 3.8961038961039e-03 5.8181818181818e-02 8.8311688311688e-03 3.8181818181818e-02 1.6363636363636e-02 1.4025974025974e-02 1.1688311688312e-02 4.1558441558442e-03
4.2213438735178e-02 1.6268774703557e-01 3.8814229249012e-02 6.6798418972332e-02 1.8363636363636e-01 1.9762845849802e-03 2.9328063241107e-02 1.6205533596838e-02 2.2213438735178e-02 1.7391304347826e-03 3.3992094861660e-03 1.6047430830040e-02 1.3833992094862e-02 2.3715415019763e-03 1.6600790513834e-03 7.9051383399209e-03 1.6600790513834e-03 2.6640316205534e-02 5.3754940711462e-02 9.1225296442688e-02 6.8774703557312e-03 1.4031620553360e-01 6.7193675889328e-03 5.9683794466403e-02 2.2924901185771e-03
3.3270142180095e-02 3.0805687203791e-02 6.4454976303318e-03 5.7725118483412e-02 2.0417061611374e-01 1.6113744075829e-03 1.0616113744076e-01 3.3364928909953e-02 9.8578199052133e-03 7.5829383886256e-03 3.0331753554502e-03 5.8199052132701e-02 6.7582938388626e-02 4.6824644549763e-02 3.1090047393365e-02 1.7156398104265e-02 3.5639810426540e-02 3.7914691943128e-03 8.7582938388626e-02 1.2890995260663e-02 9.8578199052133e-03 1.8199052132701e-02 3.9810426540284e-03 8.1232227488152e-02 3.1943127962085e-02
8.3146067415730e-03 4.2696629213483e-03 9.4382022471910e-03 2.8089887640449e-02 1.3595505617978e-01 1.5280898876404e-01 4.7191011235955e-03 3.1460674157303e-03 2.1123595505618e-01 1.1146067415730e-01 3.8202247191011e-03 2.4719101123596e-03 2.2471910112360e-02 2.4719101123596e-03 4.2696629213483e-03 1.4157303370787e-02 1.9775280898876e-02 6.7191011235955e-02 4.0449438202247e-03 8.0674157303371e-02 1.8876404494382e-02 3.5955056179775e-03 6.8764044943820e-02 9.6629213483146e-03 8.3146067415730e-03
5.1485148514852e-03 2.7722772277228e-03 3.1683168316832e-03 1.9801980198020e-03 4.6534653465347e-02 1.2970297029703e-01 3.9603960396040e-03 3.9603960396040e-03 3.1089108910891e-02 3.3663366336634e-03 1.6633663366337e-02 7.5247524752475e-03 4.8118811881188e-02 6.3366336633663e-03 2.4316831683168e-01 3.6237623762376e-02 9.3861386138614e-02 1.3069306930693e-02 2.6930693069307e-02 3.3069306930693e-02 7.1287128712871e-03 6.7326732673267e-03 8.7128712871287e-03 1.0693069306931e-02 2.1009900990099e-01
5.6684491978610e-03 8.7593582887701e-02 4.9304812834225e-02 1.3155080213904e-02 1.2363636363636e-01 3.1016042780749e-03 1.3475935828877e-02 3.3582887700535e-02 1.8181818181818e-03 1.2834224598930e-02 1.1550802139037e-02 8.7700534759358e-03 4.4064171122995e-02 1.3368983957219e-02 2.7807486631016e-02 5.1336898395722e-03 2.9090909090909e-02 6.3101604278075e-03 3.4759358288770e-02 3.0588235294118e-02 1.8074866310160e-02 2.6064171122995e-01 4.7807486631016e-02 9.1764705882353e-02 2.6096256684492e-02
1.6402877697842e-02 3.0215827338130e-03 8.9208633093525e-03 3.3093525179856e-03 3.3093525179856e-03 4.0964028776978e-01 1.5827338129496e-03 9.9280575539568e-03 3.3093525179856e-03 4.8633093525180e-02 3.7266187050360e-02 2.5899280575540e-03 1.9568345323741e-02 1.2848920863309e-01 1.2949640287770e-02 1.8705035971223e-03 1.5179856115108e-01 1.5827338129496e-03 4.4604316546763e-03 1.0935251798561e-02 1.0618705035971e-01 6.3309352517986e-03 3.8848920863309e-03 2.4460431654676e-03 1.5827338129496e-03
5.1073446327684e-02 3.8870056497175e-02 7.5706214689265e-03 8.6553672316384e-02 7.6836158192090e-02 5.3107344632768e-03 7.4124293785311e-02 4.9830508474576e-02 5.7627118644068e-03 8.8135593220339e-03 2.4858757062147e-02 3.7853107344633e-02 1.6723163841808e-02 4.1468926553672e-02 2.4180790960452e-02 5.0847457627119e-03 1.5028248587571e-02 1.5932203389831e-02 1.1864406779661e-02 2.7909604519774e-02 6.9265536723164e-02 2.3649717514124e-01 2.6553672316384e-02 3.0960451977401e-02 1.1073446327684e-02
5.9171597633136e-03 4.0236686390533e-03 2.8520710059172e-02 2.0118343195266e-03 6.1538461538462e-02 5.6568047337278e-02 4.0236686390533e-03 6.1538461538462e-03 3.4201183431953e-02 2.7834319526627e-01 8.8757396449704e-03 3.7869822485207e-03 1.1715976331361e-02 5.9408284023669e-02 8.7692307692308e-02 1.4674556213018e-02 1.5692307692308e-01 1.3017751479290e-03 6.9822485207101e-03 1.2662721893491e-02 2.3313609467456e-02 3.4319526627219e-03 2.9585798816568e-03 1.3254437869822e-02 1.1171597633136e-01
7.7551020408163e-03 1.5102040816327e-02 7.7551020408163e-03 8.1632653061225e-03 6.2857142857143e-02 3.3061224489796e-01 6.1224489795918e-03 4.8979591836735e-03 1.6734693877551e-02 1.7551020408163e-02 2.8571428571429e-02 8.9795918367347e-03 8.6938775510204e-02 2.7755102040816e-02 1.1836734693878e-02 2.5959183673469e-01 5.7142857142857e-03 4.0816326530612e-03 1.6326530612245e-02 5.7142857142857e-03 1.5918367346939e-02 4.0816326530612e-03 4.8979591836735e-03 5.3061224489796e-03 3.6734693877551e-02
2.7522935779817e-03 2.5688073394495e-03 1.0935779816514e-01 3.1192660550459e-03 4.9541284403670e-03 1.7284403669725e-01 6.7889908256881e-03 4.0366972477064e-03 4.9541284403670e-03 1.4660550458716e-01 1.4000000000000e-01 1.8348623853211e-03 5.6880733944954e-03 8.8073394495412e-03 2.9926605504587e-01 2.0183486238532e-03 6.9724770642202e-03 1.8348623853211e-03 5.3577981651376e-02 5.8715596330275e-03 3.1192660550459e-03 2.7522935779817e-03 2.3853211009174e-03 4.7706422018349e-03 3.1192660550459e-03
6.1333333333333e-03 1.5466666666667e-02 5.0666666666667e-03 2.6666666666667e-03 2.0000000000000e-02 1.6373333333333e-01 3.2000000000000e-03 4.0000000000000e-03 3.0400000000000e-02 3.6000000000000e-02 7.4666666666667e-02 3.2000000000000e-03 8.5333333333334e-03 8.5333333333333e-03 2.6560000000000e-01 8.0000000000000e-03 5.8400000000000e-02 3.7333333333333e-03 3.2000000000000e-03 1.1466666666667e-02 2.3200000000000e-01 6.1333333333333e-03 9.3333333333334e-03 3.4666666666667e-03 1.7066666666667e-02
1.5577889447236e-02 1.3567839195980e-02 2.1105527638191e-03 3.1155778894472e-03 2.7246231155779e-01 1.5075376884422e-03 1.3135678391960e-01 7.8592964824121e-02 3.2160804020101e-03 2.7135678391960e-03 2.7336683417085e-02 3.7185929648241e-02 5.5276381909548e-03 2.6934673366834e-02 6.9346733668342e-02 4.4221105527638e-03 3.0150753768844e-03 4.2814070351759e-02 2.9246231155779e-02 1.0140703517588e-01 1.7185929648241e-02 3.7185929648241e-03 2.1105527638191e-03 1.0331658291457e-01 2.2110552763819e-03
2.8253968253968e-02 1.9365079365079e-02 3.0793650793651e-02 8.5714285714286e-03 2.5396825396825e-02 1.9682539682540e-02 7.3015873015873e-03 5.0793650793651e-03 6.0317460317460e-03 9.8095238095238e-02 2.1555555555556e-01 7.3015873015873e-03 1.7968253968254e-01 6.9841269841270e-03 7.9365079365079e-03 7.8412698412698e-02 1.6190476190476e-02 5.3968253968254e-03 3.7777777777778e-02 5.1428571428571e-02 1.1365079365079e-01 4.7619047619048e-03 1.1111111111111e-02 6.3492063492063e-03 8.8888888888889e-03
3.0088495575221e-03 4.9557522123894e-03 9.2566371681416e-02 7.0796460176991e-03 1.6884955752212e-01 1.3097345132743e-02 1.4690265486726e-02 3.3628318584071e-03 9.7345132743363e-03 3.9469026548673e-02 3.9362831858407e-01 1.9469026548673e-03 1.1256637168142e-01 1.5575221238938e-02 2.0530973451327e-02 1.0265486725664e-02 3.0088495575221e-03 1.0088495575221e-02 3.5929203539823e-02 2.6548672566372e-03 2.1238938053097e-02 4.2477876106195e-03 2.3008849557522e-03 3.7168141592920e-03 5.4867256637168e-03
2.7972027972028e-03 1.2167832167832e-02 1.0587412587413e-01 9.6503496503496e-03 1.8447552447552e-01 4.6153846153846e-03 3.4965034965035e-03 5.0349650349650e-03 4.6153846153846e-03 1.8461538461538e-02 4.5594405594406e-02 2.0139860139860e-02 9.2307692307692e-02 6.4335664335664e-03 5.3146853146853e-03 2.3650349650350e-01 3.3566433566433e-03 1.0489510489510e-02 1.7902097902098e-02 1.0209790209790e-02 6.7132867132867e-03 8.1118881118881e-03 2.0979020979021e-03 1.7832167832168e-01 5.3146853146853e-03
1.0046082949309e-02 3.3179723502304e-03 1.8248847926267e-02 8.0184331797235e-03 1.7419354838710e-01 2.0829493087558e-02 1.7603686635945e-02 1.3456221198157e-02 7.7419354838710e-03 3.5944700460830e-03 1.8433179723502e-02 6.3594470046083e-03 1.6405529953917e-02 4.3963133640553e-02 4.3870967741935e-02 1.2258064516129e-02 4.0552995391705e-03 9.7695852534562e-03 8.7557603686636e-03 1.3686635944700e-01 9.0322580645161e-03 8.1658986175115e-02 1.7327188940092e-02 1.4626728110599e-01 1.6792626728111e-01
3.7484276729560e-02 1.2578616352201e-03 3.8993710691824e-03 4.4025157232704e-03 1.2842767295597e-01 4.7295597484277e-02 2.6415094339623e-03 7.2955974842767e-03 1.9283018867925e-01 3.3333333333333e-01 3.1446540880503e-03 2.6415094339623e-03 1.2327044025157e-02 1.5094339622642e-03 3.1446540880503e-03 1.7610062893082e-03 3.6603773584906e-02 2.0125786163522e-03 1.2377358490566e-01 3.8993710691824e-03 3.8993710691824e-02 2.0125786163522e-03 4.2767295597484e-03 2.6415094339623e-03 2.3899371069182e-03
3.2380952380952e-03 1.2190476190476e-02 9.5238095238095e-03 2.6666666666667e-02 1.5028571428571e-01 1.9714285714286e-01 3.2380952380952e-03 8.1904761904762e-03 2.4190476190476e-02 1.2761904761905e-02 3.5047619047619e-02 4.0000000000000e-03 4.5714285714286e-03 3.2571428571429e-02 1.8476190476190e-01 5.1428571428571e-03 2.8571428571429e-03 2.0952380952381e-02 1.7142857142857e-02 5.7142857142857e-03 8.5714285714286e-03 2.4761904761905e-03 2.2857142857143e-03 1.0285714285714e-02 2.1619047619048e-01
2.2400000000000e-03 8.3200000000000e-03 6.2080000000000e-02 1.8080000000000e-02 2.4480000000000e-02 3.6432000000000e-01 1.9680000000000e-02 3.0400000000000e-03 2.5600000000000e-02 1.4208000000000e-01 3.8240000000000e-02 2.4000000000000e-03 3.3600000000000e-03 1.8240000000000e-02 2.4160000000000e-02 4.9280000000000e-02 2.4000000000000e-03 6.2400000000000e-03 1.3280000000000e-02 5.6000000000000e-03 1.0240000000000e-01 2.9920000000000e-02 1.9200000000000e-03 2.6720000000000e-02 5.9200000000000e-03
1.2653061224490e-02 1.0204081632653e-02 3.5918367346939e-02 4.8979591836735e-03 1.0040816326531e-01 1.3061224489796e-01 1.3061224489796e-02 9.3877551020408e-03 6.0816326530612e-02 2.9020408163265e-01 2.3265306122449e-02 9.3877551020408e-03 1.9591836734694e-02 6.5306122448980e-03 1.7142857142857e-02 2.4897959183674e-02 1.9591836734694e-02 9.3877551020408e-03 5.3061224489796e-03 1.9591836734694e-02 1.9183673469388e-02 6.9387755102041e-03 2.9387755102041e-02 2.2448979591837e-02 9.9183673469388e-02
2.5621621621622e-02 1.9135135135135e-02 1.1848648648649e-01 8.5837837837838e-02 4.1621621621622e-02 3.7837837837838e-03 4.2162162162162e-03 5.4702702702703e-02 3.5675675675676e-03 6.5189189189189e-02 4.7351351351351e-02 2.1621621621622e-03 2.2594594594595e-02 1.6216216216216e-03 5.1027027027027e-02 1.8378378378378e-03 4.1405405405405e-02 1.9221621621622e-01 4.5621621621622e-02 1.2032432432432e-01 6.3783783783784e-03 1.8378378378378e-03 1.7297297297297e-03 4.0108108108108e-02 1.6216216216216e-03
2.8930817610063e-03 7.7987421383648e-03 3.2830188679245e-02 1.6352201257862e-03 1.7735849056604e-02 1.8553459119497e-01 3.7735849056604e-03 2.6415094339623e-03 2.2641509433962e-02 3.8993710691824e-03 2.8427672955975e-02 6.0125786163522e-02 3.2704402515723e-03 1.0817610062893e-01 1.4641509433962e-01 6.1635220125786e-03 1.5169811320755e-01 1.5094339622642e-03 4.2515723270440e-02 1.7735849056604e-02 3.8993710691824e-03 3.1446540880503e-03 1.2578616352201e-03 5.9119496855346e-03 1.3836477987421e-01
1.1267605633803e-02 1.4647887323944e-02 1.2394366197183e-02 3.6619718309859e-03 1.6056338028169e-02 1.2112676056338e-02 5.0704225352113e-03 4.9014084507042e-02 1.4366197183099e-02 4.0366197183099e-01 4.5070422535211e-03 9.5774647887324e-03 1.6338028169014e-02 2.7605633802817e-02 3.1267605633803e-02 8.4507042253521e-03 3.9436619718310e-03 1.3211267605634e-01 1.1267605633803e-02 1.0281690140845e-01 5.3239436619718e-02 6.7605633802817e-03 2.7042253521127e-02 1.8873239436620e-02 3.9436619718310e-03
1.4746543778802e-03 7.6036866359447e-02 4.6543778801843e-02 3.9631336405530e-03 2.2820276497696e-01 3.0414746543779e-03 1.1059907834101e-03 1.2608294930876e-01 1.5668202764977e-03 7.0414746543779e-02 5.6036866359447e-02 1.0138248847926e-03 7.0783410138249e-02 1.7419354838710e-02 4.7649769585253e-02 1.0138248847926e-02 2.1198156682028e-03 5.4377880184332e-03 2.6728110599078e-03 3.1336405529954e-03 3.1336405529954e-03 2.2304147465438e-02 4.8755760368664e-02 1.4737327188940e-01 3.5944700460830e-03
