1.0994764397906e-02 5.2356020942408e-03 7.5392670157068e-03 1.1099476439791e-02 4.2408376963351e-02 2.9319371727749e-03 4.2513089005236e-02 7.9267015706806e-02 1.6125654450262e-02 2.9319371727749e-03 5.5497382198953e-03 4.7120418848168e-03 2.0418848167539e-02 1.1256544502618e-01 4.1884816753927e-03 2.1465968586387e-02 4.1884816753927e-03 8.0628272251309e-03 4.5591623036649e-01 2.5130890052356e-03 1.5706806282722e-03 7.9581151832461e-03 3.5602094240838e-03 2.5130890052356e-03 1.2376963350785e-01
1.7570815450644e-01 1.2961373390558e-02 1.2103004291845e-02 7.7253218884120e-03 1.2978540772532e-01 1.0206008583691e-01 3.2618025751073e-03 1.5278969957082e-02 7.0557939914163e-02 3.6051502145923e-03 2.6094420600858e-02 1.8025751072961e-03 4.4635193133047e-03 1.5364806866953e-02 5.5793991416309e-03 5.6652360515021e-03 3.1759656652361e-03 1.0643776824034e-02 2.1785407725322e-01 2.2317596566524e-03 6.6523605150215e-02 5.8369098712446e-03 1.1502145922747e-02 5.0901287553648e-02 3.9313304721030e-02
9.0311111111111e-02 6.7466666666667e-02 4.0000000000000e-02 1.3155555555556e-02 4.3555555555556e-02 1.7777777777778e-03 5.8844444444444e-02 2.9511111111111e-02 4.9777777777778e-03 2.3644444444444e-02 2.5777777777778e-02 4.4977777777778e-02 4.0888888888889e-03 8.8088888888889e-02 8.1777777777778e-03 4.3200000000000e-02 3.2888888888889e-03 4.3555555555556e-03 2.9768888888889e-01 4.0888888888889e-03 2.3555555555556e-02 2.3111111111111e-02 6.4000000000000e-03 4.1777777777778e-03 4.5777777777778e-02
1.0726256983240e-02 2.3240223463687e-02 4.2346368715084e-02 2.4581005586592e-03 6.5921787709497e-03 4.5921787709497e-02 1.7821229050279e-01 6.0335195530726e-03 2.4581005586592e-03 3.1284916201117e-02 1.7877094972067e-02 1.4525139664804e-03 2.0513966480447e-01 3.3519553072626e-02 1.2178770949721e-02 1.5307262569832e-02 8.8268156424581e-03 2.1005586592179e-02 1.8536312849162e-01 5.3296089385475e-02 1.3184357541899e-02 3.0614525139665e-02 6.9273743016760e-03 4.2011173184358e-02 4.0223463687151e-03
5.6209150326797e-03 3.6601307189542e-03 8.4967320261438e-03 1.0392156862745e-01 2.6143790849673e-03 3.9477124183007e-02 2.4836601307190e-03 5.8823529411765e-03 2.7843137254902e-02 2.2078431372549e-01 5.0980392156863e-03 8.8888888888889e-03 6.5359477124183e-03 9.9346405228758e-03 1.4248366013072e-02 8.1307189542484e-02 4.3137254901961e-03 1.6732026143791e-02 8.4052287581699e-02 2.7163398692810e-01 5.6209150326797e-03 4.9019607843137e-02 1.4117647058824e-02 3.7908496732026e-03 3.9215686274510e-03
2.0134228187919e-03 2.8187919463087e-03 6.9261744966443e-02 2.6845637583893e-02 4.5637583892617e-03 2.2818791946309e-03 2.1476510067114e-03 1.4630872483221e-02 1.7449664429530e-03 4.4295302013423e-03 9.2617449664429e-03 2.6845637583893e-03 1.1691275167785e-01 2.0134228187919e-03 9.6241610738255e-02 4.3355704697987e-02 2.9395973154362e-02 5.1006711409396e-03 1.2080536912752e-02 3.2214765100671e-03 1.3422818791946e-03 4.5838926174497e-01 8.8590604026846e-03 5.2885906040269e-02 2.7516778523490e-02
3.9775280898876e-02 3.4606741573034e-02 1.7977528089888e-02 6.0674157303371e-03 1.6179775280899e-02 1.7977528089888e-02 3.5955056179775e-03 5.1685393258427e-03 5.6179775280899e-03 3.1977528089888e-01 6.5168539325843e-03 6.9662921348315e-03 3.6404494382022e-02 1.7078651685393e-02 5.8426966292135e-03 4.9662921348315e-02 6.5168539325843e-03 4.7191011235955e-03 3.4157303370786e-02 1.6179775280899e-02 3.8202247191011e-03 3.0808988764045e-01 1.8651685393258e-02 8.5393258426966e-03 1.0112359550562e-02
7.4371859296483e-03 1.1658291457286e-02 1.1055276381910e-03 8.8442211055277e-03 3.2060301507538e-02 1.9798994974874e-02 2.5829145728643e-02 7.4673366834171e-02 3.5376884422111e-02 7.5376884422111e-03 2.9145728643216e-03 1.6783919597990e-02 2.1959798994975e-01 4.8241206030151e-03 6.2311557788945e-03 1.5175879396985e-02 1.5075376884422e-03 3.7286432160804e-02 2.9407035175879e-01 5.8291457286432e-03 7.2361809045226e-02 1.2864321608040e-02 6.4321608040201e-02 1.9095477386935e-03 2.0000000000000e-02
7.2961373390558e-03 3.0557939914163e-02 6.8412017167382e-02 1.4334763948498e-02 3.5793991416309e-02 1.2643776824034e-01 1.0969957081545e-01 4.7210300429185e-03 4.1201716738197e-03 5.7510729613734e-03 1.7081545064378e-02 2.5579399141631e-02 6.6094420600858e-03 3.5193133047210e-03 4.8927038626609e-03 1.0300429184549e-02 9.5278969957082e-03 9.6137339055794e-03 4.0703862660944e-01 1.2360515021459e-02 2.1459227467811e-03 3.7768240343348e-03 3.8626609442060e-03 4.3175965665236e-02 3.3390557939914e-02
3.0693069306931e-02 1.4653465346535e-02 3.7623762376238e-03 5.5445544554455e-03 5.5445544554455e-03 6.8712871287129e-02 3.7623762376238e-03 5.1881188118812e-02 7.3069306930693e-02 2.0257425742574e-01 4.0990099009901e-02 1.1782178217822e-01 2.9702970297030e-03 1.0099009900990e-02 4.7524752475248e-03 1.9009900990099e-02 2.1188118811881e-02 4.5346534653465e-02 5.7029702970297e-02 9.3069306930693e-03 4.5544554455446e-03 1.3504950495049e-01 2.1980198019802e-02 4.3564356435644e-03 4.5346534653465e-02
5.6790123456790e-03 4.9382716049383e-03 9.8765432098765e-03 8.3950617283950e-03 5.4320987654321e-03 5.6790123456790e-03 1.1086419753086e-01 3.6543209876543e-02 1.0123456790123e-02 5.4320987654321e-03 1.7283950617284e-02 5.5802469135802e-02 1.2839506172839e-02 8.8888888888889e-03 2.6345679012346e-01 2.9629629629630e-03 2.0493827160494e-02 2.4691358024691e-03 1.7382716049383e-01 4.2962962962963e-02 4.6913580246914e-03 1.7777777777778e-02 1.0123456790123e-02 1.6000000000000e-01 3.4567901234568e-03
2.5717073170732e-01 1.5512195121951e-02 3.3170731707317e-03 6.8292682926829e-03 5.3560975609756e-02 2.0487804878049e-03 5.2682926829268e-03 3.0439024390244e-02 2.8292682926829e-03 3.5121951219512e-03 9.7560975609756e-03 6.5756097560976e-02 1.2097560975610e-02 7.5121951219512e-03 1.1707317073171e-03 6.4390243902439e-03 1.8634146341463e-02 3.4731707317073e-02 3.0507317073171e-01 1.0731707317073e-02 2.7609756097561e-02 3.3170731707317e-03 2.3317073170732e-02 7.3170731707317e-03 8.6048780487805e-02
6.3736263736264e-03 4.3956043956044e-03 4.6153846153846e-03 1.3186813186813e-02 3.6703296703297e-02 5.7142857142857e-03 1.0329670329670e-02 1.3406593406593e-02 3.2747252747253e-02 2.5692307692308e-01 9.4505494505494e-03 1.2087912087912e-02 1.9780219780220e-02 3.9340659340659e-02 8.7912087912088e-03 6.8131868131868e-03 1.1604395604396e-01 7.1428571428571e-02 2.3956043956044e-02 1.3890109890110e-01 2.1758241758242e-02 1.3384615384615e-01 2.8571428571429e-03 4.1758241758242e-03 6.3736263736264e-03
2.2955665024631e-02 9.7339901477833e-02 1.7733990147783e-03 5.9802955665025e-02 3.6453201970443e-03 7.4876847290640e-03 4.3251231527094e-02 4.3349753694581e-03 1.0837438423645e-03 3.0541871921182e-03 4.2364532019704e-02 2.7881773399015e-02 6.2758620689655e-02 1.7142857142857e-02 7.3891625615763e-03 4.0394088669951e-03 2.4630541871921e-03 4.0394088669951e-02 3.0078817733990e-01 8.7684729064039e-03 1.4778325123153e-03 3.1527093596059e-03 2.8374384236453e-02 2.0285714285714e-01 5.4187192118227e-03
6.3583815028902e-03 6.0231213872832e-02 3.0057803468208e-03 1.1606936416185e-01 4.0462427745665e-03 1.2485549132948e-01 4.8554913294798e-03 1.5375722543353e-02 8.8901734104046e-02 1.1329479768786e-02 5.7919075144509e-02 5.7803468208093e-03 4.1502890173410e-02 1.9075144508671e-02 1.5028901734104e-02 5.3526011560694e-02 3.6994219653179e-03 4.6242774566474e-03 1.7976878612717e-01 1.1745664739884e-01 1.8497109826590e-03 3.1213872832370e-03 2.8901734104046e-03 3.2832369942197e-02 2.5895953757225e-02
5.8119658119658e-03 4.6153846153846e-03 2.3931623931624e-03 4.1880341880342e-02 3.0769230769231e-03 9.8632478632478e-02 1.1623931623932e-02 2.5128205128205e-02 3.1794871794872e-02 6.8034188034188e-02 1.0991452991453e-01 4.4444444444444e-03 1.8803418803419e-03 1.2786324786325e-01 1.1726495726496e-01 1.6923076923077e-02 3.2136752136752e-02 3.5897435897436e-03 7.1794871794872e-03 1.1452991452991e-02 2.7350427350427e-03 1.0205128205128e-01 5.9487179487179e-02 1.0717948717949e-01 2.9059829059829e-03
2.4976958525346e-02 9.1152073732719e-02 1.4414746543779e-01 1.2903225806452e-03 1.1198156682028e-01 3.6313364055300e-02 1.1981566820277e-03 1.4746543778802e-03 3.7603686635945e-02 1.6221198156682e-02 7.0046082949309e-03 4.7004608294931e-03 4.4239631336406e-03 4.1290322580645e-02 7.5576036866360e-03 1.4801843317972e-01 2.3225806451613e-02 2.8571428571429e-03 1.8506912442396e-01 8.8479262672811e-03 2.3963133640553e-03 8.5714285714286e-03 3.9354838709677e-02 1.4930875576037e-02 3.5391705069124e-02
3.1775700934580e-03 2.2056074766355e-02 2.9906542056075e-03 5.7943925233645e-03 6.4112149532710e-02 2.8037383177570e-03 2.0747663551402e-02 2.2598130841121e-01 5.2336448598131e-03 7.5327102803738e-02 6.3551401869159e-03 2.4485981308411e-02 1.1962616822430e-01 7.5700934579439e-02 2.5233644859813e-02 1.0953271028037e-01 9.3457943925234e-03 6.1682242990654e-03 5.4205607476636e-03 3.7943925233645e-02 6.7289719626168e-03 1.0934579439252e-01 2.5607476635514e-02 3.9252336448598e-03 6.3551401869159e-03
4.0211640211640e-03 1.7883597883598e-02 7.3015873015873e-03 3.7037037037037e-03 2.9629629629630e-03 7.6719576719577e-02 7.6084656084656e-02 3.1746031746032e-03 1.0264550264550e-02 1.2592592592593e-02 9.3121693121693e-03 3.9470899470899e-02 3.8095238095238e-03 3.6507936507936e-02 2.2222222222222e-03 3.2804232804233e-03 7.9365079365079e-03 5.5026455026455e-03 3.5936507936508e-01 3.9153439153439e-03 4.8677248677248e-03 3.0687830687831e-03 5.5026455026455e-03 2.9915343915344e-01 1.3756613756614e-03
1.9098712446352e-01 3.6051502145923e-03 4.8927038626609e-03 2.4377682403433e-02 4.0600858369099e-02 4.9785407725322e-03 7.9828326180257e-03 3.9399141630901e-02 4.5493562231760e-03 5.8369098712446e-03 7.1244635193133e-03 2.6609442060086e-03 2.1459227467811e-03 3.2017167381974e-02 6.8669527896996e-03 3.0901287553648e-03 5.8369098712446e-03 2.5751072961373e-03 4.5862660944206e-01 2.1888412017167e-02 2.2060085836910e-02 3.4334763948498e-03 7.1244635193133e-03 3.5879828326180e-02 6.1459227467811e-02
5.3596059113301e-02 8.8768472906404e-02 5.8128078817734e-03 6.4236453201970e-02 1.2610837438424e-02 2.0689655172414e-02 4.1379310344828e-03 6.1083743842364e-03 5.6157635467980e-03 1.3891625615764e-02 1.1034482758621e-02 1.5073891625616e-02 1.2315270935961e-02 4.9261083743842e-03 3.3497536945813e-03 8.2758620689655e-03 1.5172413793103e-02 2.3645320197044e-03 3.3251231527094e-01 8.0788177339902e-03 5.9901477832512e-02 2.8571428571429e-03 1.1133004926108e-02 4.2266009852217e-02 1.9527093596059e-01
3.7419354838710e-03 1.1354838709677e-02 1.2903225806452e-03 8.4774193548387e-02 3.8709677419355e-03 3.6516129032258e-02 1.5483870967742e-03 2.4516129032258e-03 4.3870967741935e-03 3.8967741935484e-02 2.0696774193548e-01 4.6064516129032e-02 2.1703225806452e-01 8.2580645161291e-03 1.1483870967742e-01 4.1290322580645e-03 5.0322580645161e-02 1.7935483870968e-02 3.7419354838710e-03 1.2516129032258e-02 3.3935483870968e-02 2.7870967741935e-02 3.2387096774194e-02 2.6064516129032e-02 9.0322580645161e-03
3.2749003984064e-02 3.8087649402390e-02 3.9043824701195e-03 3.7450199203187e-03 1.5187250996016e-01 3.2828685258964e-02 1.0023904382470e-01 6.5338645418327e-03 7.5537848605578e-02 2.0717131474104e-03 3.3466135458167e-03 3.0756972111554e-02 9.4820717131474e-03 3.6892430278884e-02 2.2310756972112e-03 1.0438247011952e-02 1.1474103585657e-02 5.3386454183267e-03 2.8478087649402e-01 2.7569721115538e-02 2.7808764940239e-02 9.0039840637450e-03 3.9043824701195e-03 2.6294820717131e-03 8.6772908366534e-02
7.5282051282051e-02 4.2666666666667e-02 3.5897435897436e-03 4.3384615384615e-02 2.8205128205128e-02 2.9405128205128e-01 2.3589743589744e-03 1.3743589743590e-02 1.7435897435897e-03 5.6410256410256e-03 2.8307692307692e-02 2.1948717948718e-02 1.2307692307692e-03 9.4358974358974e-03 1.8461538461538e-03 8.6153846153846e-03 2.4615384615385e-03 1.1076923076923e-02 2.2666666666667e-01 2.2564102564103e-02 5.0256410256410e-03 7.2820512820513e-03 2.6666666666667e-03 9.6410256410257e-03 1.3056410256410e-01
5.5129533678756e-02 3.4507772020725e-02 1.5958549222798e-02 5.1813471502591e-03 1.1813471502591e-02 2.5906735751295e-03 4.3523316062176e-02 1.6310880829016e-01 3.6269430051813e-03 5.2849740932642e-02 6.8808290155440e-02 2.3834196891192e-03 2.1761658031088e-03 1.1658031088083e-01 6.8393782383420e-03 6.1347150259067e-02 6.5284974093264e-03 1.6165803108808e-02 2.1720207253886e-01 9.9481865284974e-03 1.4715025906736e-02 2.2072538860104e-02 2.5906735751295e-03 4.5595854922280e-03 5.9792746113990e-02
4.0000000000000e-03 3.7647058823529e-03 1.4588235294118e-02 4.2352941176471e-03 8.2352941176471e-03 6.9882352941177e-02 4.0000000000000e-03 8.7058823529412e-03 4.0000000000000e-03 3.9317647058824e-01 3.0588235294118e-03 3.0352941176471e-02 2.8235294117647e-03 5.1764705882353e-03 1.2000000000000e-02 4.7058823529412e-03 8.7058823529412e-03 1.7647058823529e-02 7.8588235294118e-02 1.5811764705882e-01 2.8235294117647e-03 1.1458823529412e-01 2.6823529411765e-02 1.2235294117647e-02 7.7647058823529e-03
3.7910447761194e-02 4.0796019900497e-03 3.3830845771144e-03 6.6666666666667e-03 1.3532338308458e-02 4.0796019900497e-03 4.5174129353234e-02 7.2039800995025e-02 3.1741293532338e-02 2.6766169154229e-02 6.7661691542288e-03 1.7412935323383e-02 1.2199004975124e-01 1.7114427860697e-02 2.5870646766169e-03 3.3432835820896e-02 1.2238805970149e-02 1.1741293532338e-02 4.0218905472637e-01 9.3532338308458e-03 3.9004975124378e-02 2.3880597014925e-02 6.8656716417910e-03 2.6268656716418e-02 2.3781094527363e-02
5.8245614035088e-02 1.7543859649123e-02 3.5087719298246e-03 1.7929824561403e-01 2.7368421052632e-02 9.7894736842105e-02 7.3684210526316e-03 1.2631578947368e-02 7.9649122807017e-02 9.4736842105263e-03 1.6947368421053e-01 3.1578947368421e-02 4.2105263157895e-03 3.8947368421053e-02 9.6491228070175e-02 7.5438596491228e-02 4.2105263157895e-03 7.7192982456140e-03 1.1929824561404e-02 2.2807017543860e-02 4.9122807017544e-03 7.7192982456140e-03 5.6140350877193e-03 1.7192982456140e-02 8.7719298245614e-03
8.3950617283950e-03 4.6666666666667e-02 6.1728395061728e-03 6.1728395061728e-03 2.7654320987654e-02 8.6419753086420e-03 5.9259259259259e-03 1.1604938271605e-02 9.5308641975309e-02 4.4444444444445e-03 1.0864197530864e-02 4.5679012345679e-02 5.4320987654321e-03 1.7530864197531e-01 8.1975308641975e-02 4.1975308641975e-03 6.4691358024691e-02 3.4567901234568e-03 2.2913580246914e-01 1.0123456790123e-02 1.0123456790123e-02 4.6172839506173e-02 5.6790123456790e-03 5.3333333333333e-02 3.2839506172840e-02
7.9365079365079e-03 4.1269841269841e-03 4.1269841269841e-03 9.8412698412698e-02 4.1269841269841e-03 2.7269841269841e-01 2.5396825396825e-02 9.2063492063492e-03 9.5238095238095e-03 4.7619047619048e-03 6.0317460317460e-03 5.3968253968254e-03 4.1269841269841e-03 4.4444444444444e-03 1.9174603174603e-01 2.0952380952381e-02 2.3174603174603e-02 6.6666666666667e-03 2.4444444444444e-02 1.9047619047619e-02 4.4444444444444e-03 3.8095238095238e-03 2.2507936507936e-01 3.4920634920635e-03 1.6825396825397e-02
2.8571428571429e-03 2.1142857142857e-01 4.5904761904762e-02 1.1428571428571e-02 1.3333333333333e-02 9.1428571428571e-03 1.2761904761905e-02 4.1904761904762e-03 3.0476190476191e-03 5.7142857142857e-03 1.3333333333333e-02 5.7142857142857e-03 3.7161904761905e-01 6.2857142857143e-03 2.2666666666667e-02 5.3333333333333e-03 3.4095238095238e-02 1.2571428571429e-02 1.1428571428571e-02 1.3904761904762e-02 7.2380952380952e-03 3.2380952380952e-02 1.1428571428571e-02 1.1847619047619e-01 1.3714285714286e-02
1.6746411483254e-02 7.8851674641148e-02 3.1196172248804e-02 3.5406698564593e-03 2.0095693779904e-03 2.1913875598086e-02 1.7990430622010e-02 1.9703349282297e-01 1.6267942583732e-03 8.2105263157895e-02 5.1674641148325e-03 3.1387559808612e-02 1.1770334928230e-02 6.1244019138756e-03 1.1004784688995e-02 3.3014354066986e-02 6.5071770334928e-03 7.4641148325359e-03 2.0755980861244e-01 4.5071770334928e-02 1.1961722488038e-02 5.0813397129187e-02 5.2631578947368e-03 7.8660287081340e-02 3.5215311004785e-02
7.5947136563877e-02 6.9427312775330e-02 3.8766519823789e-03 2.6696035242291e-02 4.2202643171806e-02 4.5110132158590e-02 2.0264317180617e-02 1.1709251101322e-01 3.3920704845815e-02 4.0528634361233e-03 1.0044052863436e-02 4.4933920704846e-02 1.8502202643172e-03 9.4889867841410e-02 2.3788546255507e-03 2.9955947136564e-03 1.4977973568282e-03 4.7577092511013e-03 3.1286343612335e-01 4.9339207048458e-03 4.3171806167401e-03 3.7885462555066e-03 1.8502202643172e-03 6.5374449339207e-02 4.9339207048458e-03
2.7407407407407e-02 7.4074074074074e-03 1.6296296296296e-02 2.1481481481481e-02 1.0370370370370e-02 1.4074074074074e-02 7.4074074074074e-03 1.9259259259259e-02 7.4074074074074e-03 2.2222222222222e-02 1.8518518518518e-02 3.2592592592593e-02 1.1851851851852e-02 3.0370370370370e-02 9.6296296296296e-03 4.2222222222222e-02 3.7629629629630e-01 2.7407407407407e-02 2.5925925925926e-02 7.4074074074074e-03 7.4074074074074e-03 2.1703703703704e-01 1.7037037037037e-02 8.8888888888889e-03 1.4074074074074e-02
7.7108433734940e-03 5.6787148594378e-02 3.3975903614458e-02 1.6465863453815e-02 3.8955823293173e-02 1.0819277108434e-01 5.0602409638554e-02 1.5204819277108e-01 4.8995983935743e-03 4.0963855421687e-03 3.2690763052209e-02 2.1686746987952e-03 2.6586345381526e-02 2.3694779116466e-02 4.4176706827309e-03 1.5261044176707e-02 6.3453815261044e-03 1.4377510040161e-02 2.4795180722892e-01 4.1767068273092e-03 2.9959839357430e-02 4.8995983935743e-03 1.3975903614458e-02 7.0200803212851e-02 2.9558232931727e-02
4.3386243386243e-03 8.6031746031746e-02 3.3333333333333e-02 2.5396825396825e-03 6.4761904761905e-02 1.0793650793651e-02 4.6031746031746e-02 7.5767195767196e-02 1.1767195767196e-01 2.6666666666667e-02 2.3809523809524e-02 7.8306878306878e-03 6.6666666666667e-03 9.9788359788360e-02 1.2275132275132e-02 1.3650793650794e-02 4.2328042328042e-03 3.0687830687831e-02 2.1037037037037e-01 2.3280423280423e-02 1.1322751322751e-02 4.8677248677249e-03 7.1957671957672e-03 5.5026455026455e-03 7.0582010582011e-02
2.2331950207469e-01 2.9875518672199e-02 9.6265560165975e-03 2.4896265560166e-03 4.3070539419087e-02 2.6639004149378e-02 1.4190871369295e-02 5.4522821576763e-02 1.6099585062241e-02 3.3195020746888e-03 2.6556016597510e-03 3.4024896265560e-03 1.1037344398340e-02 3.5186721991701e-02 1.7925311203320e-02 1.3941908713693e-02 4.2323651452282e-03 5.7261410788382e-03 3.8813278008299e-01 1.2614107883817e-02 2.5726141078838e-02 4.0663900414938e-03 5.2282157676349e-03 2.9626556016597e-02 1.7344398340249e-02
6.7298578199052e-03 8.0189573459716e-02 1.6303317535545e-02 1.0142180094787e-02 7.0710900473934e-02 1.2511848341232e-02 1.5924170616114e-02 7.1848341232227e-02 5.2132701421801e-03 1.4881516587678e-02 3.5071090047393e-03 2.1516587677725e-02 3.1279620853081e-03 1.2492890995261e-01 3.4123222748815e-03 2.7962085308057e-02 6.2559241706161e-03 7.7061611374408e-02 2.7791469194313e-01 3.6398104265403e-02 8.2464454976303e-03 3.0331753554502e-03 2.5497630331754e-02 1.8009478672986e-03 7.4881516587678e-02
8.5714285714286e-03 4.1269841269841e-03 4.7619047619048e-03 5.6825396825397e-02 1.3333333333333e-02 6.8253968253968e-02 1.6507936507936e-02 2.0634920634921e-02 9.2063492063492e-03 1.0158730158730e-01 8.8888888888889e-03 3.5555555555556e-02 1.7460317460317e-01 2.9523809523810e-02 5.0793650793651e-02 4.1269841269841e-03 1.0222222222222e-01 4.6349206349206e-02 1.4317460317460e-01 3.4920634920635e-03 4.0634920634921e-02 1.8412698412698e-02 4.1269841269841e-03 3.8095238095238e-03 3.0476190476190e-02
1.0645914396887e-01 2.5291828793774e-02 1.6420233463035e-02 4.5136186770428e-03 2.5408560311284e-01 4.5136186770428e-03 2.7237354085603e-03 2.6536964980545e-02 6.0389105058366e-02 6.9260700389105e-03 3.9844357976654e-02 3.8599221789883e-02 2.1011673151751e-03 8.4902723735408e-02 1.1906614785992e-02 2.3735408560311e-02 8.2490272373541e-03 1.2295719844358e-02 1.4357976653696e-01 8.5603112840467e-03 4.1945525291829e-02 7.4708171206226e-03 4.2023346303502e-03 5.3696498054475e-03 5.9377431906615e-02
1.5377777777778e-02 2.2222222222222e-03 9.1555555555556e-03 2.2666666666667e-02 3.6000000000000e-02 1.0782222222222e-01 1.9600000000000e-01 4.5244444444444e-02 3.5377777777778e-02 2.8444444444444e-03 4.3200000000000e-02 5.9555555555556e-03 4.1955555555556e-02 5.0133333333333e-02 4.0888888888889e-03 8.3555555555556e-03 1.1555555555556e-02 5.6888888888889e-03 2.8222222222222e-01 2.4888888888889e-03 3.4666666666667e-03 2.4888888888889e-03 1.6800000000000e-02 3.3066666666667e-02 1.5822222222222e-02
6.4788732394366e-03 3.3802816901408e-03 4.2253521126761e-03 5.9154929577465e-03 3.3802816901408e-03 1.1267605633803e-02 5.6338028169014e-03 2.0732394366197e-01 2.8450704225352e-02 1.5492957746479e-02 1.9436619718310e-02 7.0422535211268e-03 3.4591549295775e-01 6.0281690140845e-02 1.5492957746479e-02 3.9436619718310e-03 3.3802816901408e-03 3.0140845070423e-02 1.5605633802817e-01 2.8169014084507e-03 4.5070422535211e-03 4.7042253521127e-02 3.3802816901408e-03 5.3521126760563e-03 3.6619718309859e-03
1.3070866141732e-01 2.1259842519685e-02 3.2755905511811e-02 2.0929133858268e-01 1.0866141732283e-02 3.6283464566929e-01 3.9370078740157e-03 4.5669291338583e-03 4.7244094488189e-03 2.0472440944882e-03 2.3622047244095e-03 2.0472440944882e-03 3.4645669291338e-02 5.8267716535433e-03 5.9842519685039e-02 1.1181102362205e-02 2.1889763779528e-02 2.6771653543307e-03 4.5669291338583e-03 1.7795275590551e-02 1.8897637795276e-03 4.3149606299212e-02 3.6220472440945e-03 3.6220472440945e-03 1.8897637795276e-03
2.5149700598802e-03 7.7844311377246e-03 1.8802395209581e-02 1.9760479041916e-01 1.2574850299401e-02 8.5029940119760e-03 5.0538922155689e-02 1.5329341317365e-02 9.8203592814371e-03 6.1077844311377e-03 1.5077844311377e-01 3.5329341317365e-02 3.7125748502994e-03 1.2694610778443e-02 2.0526946107784e-01 5.5089820359281e-03 4.5988023952096e-02 5.6167664670659e-02 1.4011976047904e-02 2.7544910179641e-03 2.9341317365269e-02 8.8622754491018e-03 4.5508982035928e-03 9.2574850299401e-02 2.8742514970060e-03
4.8101265822785e-03 4.0506329113924e-03 3.3164556962025e-02 1.0632911392405e-01 5.8227848101266e-03 4.0506329113924e-03 3.7974683544304e-03 3.2911392405063e-03 2.9873417721519e-02 1.2151898734177e-02 1.3670886075949e-02 4.9367088607595e-02 8.6075949367089e-03 7.0632911392405e-02 1.5392405063291e-01 3.6202531645570e-02 1.0632911392405e-02 3.1645569620253e-02 1.3670886075949e-02 9.2405063291139e-02 6.3291139240506e-03 1.2759493670886e-01 8.1012658227848e-03 1.6556962025316e-01 4.3037974683544e-03
1.5294117647059e-02 8.8907563025210e-02 3.6974789915966e-03 9.7478991596639e-03 9.1764705882353e-02 1.8151260504202e-02 2.9747899159664e-02 1.6806722689076e-03 4.0336134453781e-03 4.7058823529412e-03 9.0756302521008e-03 3.3613445378151e-03 6.0672268907563e-02 2.2016806722689e-02 1.6806722689076e-02 2.0168067226891e-02 1.9445378151260e-01 3.3613445378151e-03 2.8403361344538e-02 1.2084033613445e-01 1.3109243697479e-02 2.1260504201681e-01 2.0000000000000e-02 4.7058823529412e-03 2.6890756302521e-03
3.1404958677686e-03 4.8429752066116e-02 3.3057851239669e-03 9.4214876033058e-03 2.8925619834711e-02 3.0909090909091e-02 3.3057851239669e-03 2.8099173553719e-03 5.3553719008264e-02 2.2561983471074e-01 2.1983471074380e-02 4.1322314049587e-03 3.9669421487603e-03 4.1322314049587e-03 5.9504132231405e-03 3.4710743801653e-03 3.0694214876033e-01 2.3140495867769e-03 5.3719008264463e-02 1.0644628099174e-01 3.8016528925620e-03 3.6859504132231e-02 1.0413223140496e-02 6.4462809917355e-03 2.0000000000000e-02
2.4242424242424e-03 6.0808080808081e-02 9.7171717171717e-02 1.2121212121212e-02 6.8686868686869e-03 3.4464646464646e-01 2.2222222222222e-03 3.2323232323232e-03 2.8282828282828e-03 5.6565656565657e-03 6.0606060606061e-03 5.6565656565657e-03 2.3010101010101e-01 5.6565656565657e-03 4.6464646464647e-03 4.8484848484849e-03 4.8484848484849e-03 2.2222222222222e-03 4.5858585858586e-02 6.8686868686869e-03 6.6666666666667e-03 5.4545454545455e-03 8.2828282828283e-03 1.2080808080808e-01 4.0404040404040e-03
4.9506726457399e-02 1.3659192825112e-01 1.6322869955157e-01 7.2645739910314e-03 8.1614349775785e-03 1.5246636771300e-02 7.5156950672646e-02 7.1748878923767e-03 3.5336322869955e-02 4.3497757847534e-02 5.3811659192825e-03 1.6233183856502e-02 4.3497757847534e-02 1.7399103139013e-02 5.7847533632287e-02 6.1883408071749e-03 7.1748878923767e-03 1.5695067264574e-02 7.9282511210762e-02 2.6905829596413e-02 5.1031390134529e-02 1.8565022421525e-02 6.0089686098655e-03 1.0224215246637e-01 5.3811659192825e-03
1.5246636771300e-03 2.3318385650224e-03 1.1300448430493e-02 1.8161434977578e-01 6.1883408071749e-03 2.5381165919283e-02 4.5112107623318e-02 1.3901345291480e-02 4.0358744394619e-03 4.1255605381166e-03 1.6143497757848e-02 8.8609865470852e-02 1.0672645739910e-02 6.2421524663677e-02 7.4349775784753e-02 1.3452914798206e-02 4.1165919282511e-02 2.6905829596413e-03 1.9192825112108e-01 1.0672645739910e-02 3.7399103139013e-02 3.2466367713004e-02 4.1165919282511e-02 7.8654708520179e-02 2.6905829596413e-03
6.2532299741602e-03 3.6382428940568e-02 8.5271317829457e-03 5.6847545219638e-03 5.7674418604651e-02 6.5219638242894e-02 9.0439276485788e-03 2.0971576227390e-01 5.9431524547804e-03 3.7777777777778e-02 5.9069767441860e-02 5.0129198966408e-03 6.6046511627907e-02 3.1369509043928e-02 6.5633074935400e-03 7.8139534883721e-02 5.5400516795866e-02 1.3695090439276e-02 9.5968992248062e-02 5.5297157622739e-03 5.5090439276486e-02 4.9043927648579e-02 3.5038759689922e-02 6.7183462532300e-04 1.1369509043928e-03
6.1728395061728e-03 1.9753086419753e-02 1.7283950617284e-01 2.8312757201646e-02 1.6263374485597e-01 1.1522633744856e-03 2.4691358024691e-03 6.8971193415638e-02 3.3744855967078e-02 8.8065843621399e-03 1.3991769547325e-02 3.8353909465021e-02 6.4197530864198e-03 2.8312757201646e-02 3.5390946502058e-03 1.9835390946502e-02 1.7037037037037e-02 1.4074074074074e-02 1.7201646090535e-01 3.4567901234568e-03 4.0905349794239e-02 1.0864197530864e-02 1.0716049382716e-01 1.1522633744856e-03 1.8024691358025e-02
7.0270270270270e-03 3.9639639639640e-03 1.8018018018018e-03 2.9009009009009e-02 3.7837837837838e-03 2.5045045045045e-02 1.9819819819820e-03 2.3423423423423e-03 2.3423423423423e-03 2.8828828828829e-03 5.0810810810811e-02 4.1621621621622e-02 9.1891891891892e-03 3.3333333333333e-02 5.1783783783784e-01 4.1441441441441e-02 3.7837837837838e-03 6.7027027027027e-02 1.0090090090090e-02 9.4774774774775e-02 2.1621621621622e-03 2.7027027027027e-03 1.4234234234234e-02 7.7477477477477e-03 2.3063063063063e-02
1.1619047619048e-02 6.4761904761905e-03 1.3714285714286e-02 1.4609523809524e-01 6.1142857142857e-02 1.0095238095238e-02 3.4476190476191e-02 1.1619047619048e-02 1.0857142857143e-02 1.0666666666667e-02 7.4285714285714e-03 4.6095238095238e-02 4.3809523809524e-02 3.1238095238095e-02 2.2285714285714e-02 3.9428571428571e-02 3.5238095238095e-02 2.8571428571429e-03 7.3714285714286e-02 1.2457142857143e-01 4.0000000000000e-03 2.8571428571429e-02 2.1142857142857e-01 9.5238095238095e-03 3.0476190476191e-03
3.8295964125561e-02 7.6233183856502e-03 2.0807174887892e-02 2.9596412556054e-03 3.4170403587444e-02 1.7139013452915e-01 2.4573991031390e-02 2.3228699551569e-02 1.6035874439462e-01 4.2152466367713e-03 4.4843049327354e-03 3.0852017937220e-02 8.4304932735426e-03 1.3901345291480e-02 9.5964125560538e-03 4.2152466367713e-02 2.1704035874439e-02 3.3183856502242e-03 1.9156950672646e-01 9.7757847533632e-03 2.3228699551569e-02 1.0044843049327e-02 3.4618834080717e-02 3.2825112107623e-02 7.5874439461883e-02
8.8311688311688e-03 8.0519480519481e-03 9.6103896103896e-03 2.4155844155844e-02 7.2727272727273e-03 2.5974025974026e-02 4.9350649350649e-03 1.1948051948052e-02 1.4025974025974e-02 7.2727272727273e-03 9.3506493506494e-03 4.1298701298701e-02 1.5402597402597e-01 5.7142857142857e-03 3.7922077922078e-02 1.6961038961039e-01 1.5844155844156e-02 1.5324675324675e-02 8.7012987012987e-02 1.3766233766234e-02 4.6753246753247e-03 2.3844155844156e-01 4.0000000000000e-02 1.8961038961039e-02 2.5974025974026e-02
8.3794466403162e-03 2.1422924901186e-02 3.0434782608696e-02 2.8458498023715e-03 4.3162055335968e-02 3.2411067193676e-03 3.4150197628459e-02 4.4901185770751e-02 3.3122529644269e-02 8.3003952569170e-03 1.1778656126482e-02 9.0513833992095e-02 6.9565217391304e-03 9.0592885375494e-02 1.8814229249012e-02 2.4347826086957e-02 7.3517786561265e-03 8.6245059288538e-02 2.0221343873518e-01 7.3517786561265e-03 2.4584980237154e-02 4.7272727272727e-02 1.1383399209486e-02 2.1343873517787e-03 1.3849802371542e-01
1.9336492890995e-02 7.3554502369668e-02 1.1601895734597e-01 3.3175355450237e-03 3.8388625592417e-02 1.9810426540284e-02 1.9241706161137e-02 6.9194312796209e-03 4.7109004739336e-02 3.5734597156398e-02 1.4881516587678e-02 9.7630331753555e-03 1.2796208530806e-02 8.3412322274881e-02 1.9241706161137e-02 3.5071090047393e-03 8.8151658767773e-03 4.1990521327014e-02 2.5459715639810e-01 3.0331753554502e-02 3.8862559241706e-03 1.6777251184834e-02 5.8862559241706e-02 3.6018957345972e-03 5.8104265402844e-02
4.4943820224719e-03 2.6966292134832e-03 3.3707865168539e-03 5.8426966292135e-03 4.2696629213483e-03 6.2921348314607e-03 4.4719101123595e-02 7.6404494382022e-03 4.0449438202247e-03 4.2696629213483e-03 2.0898876404494e-02 6.2471910112360e-02 7.4157303370786e-03 3.2134831460674e-02 5.3932584269663e-03 1.4561797752809e-01 4.3820224719101e-02 3.5955056179775e-03 2.6696629213483e-01 2.9213483146067e-03 2.6966292134831e-03 2.4247191011236e-01 1.1011235955056e-02 4.5842696629213e-02 1.9101123595506e-02
9.9009900990099e-03 2.7722772277228e-03 2.5742574257426e-03 1.6435643564356e-02 7.9207920792079e-03 1.8871287128713e-01 1.1683168316832e-02 1.2673267326733e-02 5.3465346534653e-03 4.7920792079208e-02 1.0059405940594e-01 4.5544554455446e-03 2.7722772277228e-02 1.6633663366337e-02 7.5247524752475e-03 7.2079207920792e-02 5.2871287128713e-02 5.7029702970297e-02 5.9801980198020e-02 3.1683168316832e-03 1.4178217821782e-01 2.4158415841584e-02 2.0792079207921e-02 5.7623762376238e-02 4.7722772277228e-02
3.5935828877005e-02 1.5122994652406e-01 1.8074866310160e-02 1.3048128342246e-02 5.7754010695187e-03 1.2192513368984e-02 3.4224598930481e-03 2.5518716577540e-01 4.3850267379679e-03 3.8288770053476e-02 1.0267379679144e-02 2.0641711229947e-02 4.9197860962567e-03 5.7860962566845e-02 5.7754010695187e-02 2.2780748663102e-02 6.4171122994653e-03 1.1657754010695e-02 1.5368983957219e-01 2.4064171122995e-02 2.5668449197861e-03 1.4545454545455e-02 7.8074866310161e-03 4.8235294117647e-02 1.9251336898396e-02
2.0287769784173e-02 2.0143884892086e-03 2.1582733812950e-03 7.3381294964029e-03 5.1079136690648e-02 1.0215827338129e-02 1.5827338129496e-03 3.4532374100720e-03 1.9424460431655e-02 8.1870503597122e-02 3.3381294964029e-02 6.2302158273381e-02 3.3841726618705e-01 2.1151079136691e-02 1.4964028776978e-02 1.5251798561151e-02 5.5971223021583e-02 1.2446043165468e-01 2.1582733812950e-03 8.2014388489209e-03 1.5827338129496e-03 6.1582733812950e-02 7.7697841726619e-03 5.1079136690647e-02 2.3021582733813e-03
7.6610169491525e-02 3.6497175141243e-02 9.3220338983051e-02 2.5988700564972e-02 4.0677966101695e-02 3.5028248587571e-03 1.3220338983051e-02 1.6937853107345e-01 2.1920903954802e-02 1.0282485875706e-02 5.6497175141243e-03 2.7118644067797e-02 7.3446327683616e-03 4.9039548022599e-02 4.2146892655367e-02 1.1299435028249e-02 2.7118644067797e-02 1.0836158192090e-01 5.7740112994350e-02 5.3107344632768e-03 9.0395480225988e-03 3.9322033898305e-02 1.3785310734463e-02 3.5706214689266e-02 6.9717514124294e-02
2.4852071005917e-03 1.2426035502959e-02 1.2426035502959e-02 4.8520710059172e-03 5.9171597633136e-03 1.5136094674556e-01 3.5502958579882e-03 7.1715976331361e-02 2.1538461538462e-02 1.1538461538462e-01 6.1065088757396e-02 3.1952662721894e-03 6.0355029585799e-03 1.7869822485207e-02 6.0118343195266e-02 1.5384615384615e-03 5.3491124260355e-02 5.6094674556213e-02 1.1609467455621e-01 1.9763313609467e-02 2.8402366863905e-03 2.8875739644970e-02 2.3905325443787e-02 1.3562130177515e-01 1.1834319526627e-02
5.3061224489796e-03 1.6734693877551e-02 3.6326530612245e-02 1.5102040816327e-02 1.4285714285714e-02 6.5306122448980e-02 4.4897959183673e-03 5.3061224489796e-03 1.1428571428571e-02 5.7142857142857e-03 5.7142857142857e-03 5.7959183673469e-02 4.2816326530612e-01 4.8979591836735e-03 4.5714285714286e-02 1.9183673469388e-02 1.2448979591837e-01 4.0816326530612e-03 2.3673469387755e-02 4.4897959183673e-03 9.7959183673470e-03 2.3265306122449e-02 2.5306122448980e-02 3.6734693877551e-02 6.5306122448980e-03
1.5045871559633e-02 2.3669724770642e-02 3.3027522935780e-03 2.2770642201835e-01 2.4587155963303e-02 1.4899082568807e-01 3.8532110091743e-03 1.5412844036697e-02 2.3853211009174e-03 1.1376146788991e-02 3.3577981651376e-02 3.8532110091743e-03 3.8532110091743e-03 4.8440366972477e-02 6.3302752293578e-02 1.4917431192661e-01 3.6146788990826e-02 1.1009174311927e-01 5.8715596330275e-03 4.8623853211009e-02 2.9357798165138e-03 8.9908256880734e-03 4.0366972477064e-03 2.2018348623853e-03 2.5688073394495e-03
8.8000000000000e-03 4.8000000000000e-02 2.6666666666667e-03 8.8000000000000e-03 1.2533333333333e-02 1.4613333333333e-01 3.7333333333333e-03 2.9333333333333e-03 4.0000000000000e-03 1.7866666666667e-02 2.4266666666667e-02 1.9333333333333e-01 1.6266666666667e-01 1.0933333333333e-02 2.3973333333333e-01 3.7333333333333e-03 1.4666666666667e-02 3.3600000000000e-02 2.3466666666667e-02 4.5333333333333e-03 9.0666666666667e-03 3.2000000000000e-03 4.0000000000000e-03 1.1466666666667e-02 5.8666666666667e-03
5.2562814070352e-02 2.8140703517588e-02 2.6130653266332e-02 1.3065326633166e-03 6.2311557788945e-03 9.2361809045226e-02 1.1457286432161e-02 1.3266331658291e-02 1.9798994974874e-02 1.8693467336683e-02 4.3216080402010e-03 3.7185929648241e-03 1.0954773869347e-02 2.4422110552764e-02 9.3467336683417e-03 2.6040201005025e-01 2.7537688442211e-02 2.9346733668342e-02 2.8713567839196e-01 8.1407035175880e-03 3.1256281407035e-02 1.7085427135678e-03 7.2361809045226e-03 1.8090452261307e-03 2.2713567839196e-02
3.8095238095238e-03 1.3333333333333e-02 8.5714285714286e-03 9.2063492063492e-03 4.0000000000000e-02 7.3015873015873e-03 5.3968253968254e-03 8.9523809523809e-02 6.0317460317460e-03 2.3174603174603e-02 1.3333333333333e-02 4.8571428571429e-02 2.4444444444444e-02 8.4761904761905e-02 1.2634920634921e-01 5.7142857142857e-03 4.4444444444444e-03 2.5079365079365e-02 4.7936507936508e-02 5.6190476190476e-02 1.8412698412698e-02 9.2063492063492e-03 3.0476190476190e-02 2.6476190476190e-01 3.3968253968254e-02
4.6017699115044e-03 2.4566371681416e-01 1.7699115044248e-03 1.4230088495575e-01 1.0442477876106e-02 5.7699115044248e-02 6.3716814159292e-03 3.0088495575221e-03 3.0088495575221e-03 2.8318584070797e-03 1.5929203539823e-02 4.9557522123894e-03 1.8053097345133e-02 1.8761061946903e-02 2.0070796460177e-01 2.1592920353982e-02 5.3097345132743e-03 8.8495575221239e-03 1.3982300884956e-02 3.5398230088496e-03 3.8938053097345e-03 4.0353982300885e-02 1.2920353982301e-02 1.4513274336283e-01 8.3185840707965e-03
9.5104895104895e-03 1.2727272727273e-02 4.9650349650350e-02 2.4055944055944e-02 2.3776223776224e-03 5.3146853146853e-02 2.4335664335664e-02 2.6433566433566e-02 4.2237762237762e-02 2.0699300699301e-02 9.2307692307692e-03 4.5314685314685e-02 1.3818181818182e-01 3.0069930069930e-02 6.9930069930070e-03 3.7762237762238e-03 8.8111888111888e-03 1.1328671328671e-02 3.4769230769231e-01 1.3286713286713e-02 1.9580419580420e-03 1.2447552447552e-02 3.7762237762238e-03 8.1818181818182e-02 2.0139860139860e-02
1.6589861751152e-03 1.3824884792627e-03 1.6036866359447e-02 2.8018433179724e-02 1.5207373271889e-02 5.7142857142857e-02 4.3317972350230e-03 1.8294930875576e-01 3.8709677419355e-03 7.4009216589862e-02 1.4562211981567e-02 1.0967741935484e-02 3.5576036866359e-02 1.2728110599078e-01 2.8663594470046e-02 1.2442396313364e-02 2.9677419354839e-02 1.2442396313364e-02 2.3364055299539e-01 1.7050691244240e-02 5.2718894009217e-02 1.6405529953917e-02 1.0691244239631e-02 2.3041474654378e-03 1.0967741935484e-02
4.1509433962264e-03 4.6918238993711e-02 3.0188679245283e-03 2.7672955974843e-03 3.5345911949686e-02 4.4528301886793e-02 1.5094339622642e-03 1.3836477987421e-03 1.3836477987421e-03 2.6415094339623e-03 1.6352201257862e-01 2.1132075471698e-02 5.2830188679245e-03 6.9182389937107e-03 3.7735849056604e-03 1.0188679245283e-02 5.6477987421384e-02 6.0377358490566e-03 6.3773584905660e-02 2.7672955974843e-03 3.0188679245283e-03 1.1018867924528e-01 1.5974842767296e-01 2.3584905660377e-01 7.6729559748428e-03
1.2761904761905e-02 9.7142857142857e-03 3.6190476190476e-03 1.6190476190476e-02 2.0952380952381e-03 2.0590476190476e-01 1.6952380952381e-02 3.8095238095238e-03 1.1238095238095e-02 3.0476190476191e-03 6.5714285714286e-02 5.7142857142857e-03 2.6628571428571e-01 2.4380952380952e-02 3.2190476190476e-02 4.7619047619048e-03 4.1714285714286e-02 7.8095238095238e-03 4.5714285714286e-03 1.4666666666667e-02 1.4800000000000e-01 8.0000000000000e-03 7.0476190476190e-02 1.2000000000000e-02 8.3809523809524e-03
3.2000000000000e-03 1.1360000000000e-02 1.7760000000000e-02 3.6672000000000e-01 2.7200000000000e-03 9.7600000000000e-03 2.4640000000000e-02 1.3120000000000e-02 2.2400000000000e-03 2.5600000000000e-03 3.9520000000000e-02 7.3120000000000e-02 8.6240000000000e-02 2.0800000000000e-02 1.5328000000000e-01 2.9920000000000e-02 7.0400000000000e-03 5.9200000000000e-03 3.0240000000000e-02 4.0000000000000e-03 2.5120000000000e-02 5.1200000000000e-03 4.2880000000000e-02 6.2400000000000e-03 1.6480000000000e-02
5.3061224489796e-03 2.0408163265306e-02 1.3469387755102e-02 7.7551020408163e-02 4.4489795918367e-02 2.9795918367347e-02 1.4285714285714e-02 5.9591836734694e-02 2.4081632653061e-02 1.4285714285714e-02 1.8938775510204e-01 2.6122448979592e-02 5.8775510204082e-02 5.3061224489796e-03 1.1306122448980e-01 5.7142857142857e-03 2.6122448979592e-02 8.9795918367347e-03 4.4081632653061e-02 1.4285714285714e-02 3.2653061224490e-02 1.0897959183673e-01 8.9795918367347e-03 3.2653061224490e-02 2.1632653061225e-02
4.4108108108108e-02 1.1675675675676e-02 1.7297297297297e-03 5.5675675675676e-02 1.8054054054054e-02 2.8648648648649e-02 1.7945945945946e-01 6.2702702702703e-03 8.6486486486486e-03 3.4810810810811e-02 2.7027027027027e-02 8.7459459459459e-02 5.7297297297297e-03 1.4929729729730e-01 1.8594594594595e-02 1.2324324324324e-02 1.0486486486486e-02 6.7027027027027e-03 1.8259459459459e-01 3.8270270270270e-02 3.8918918918919e-03 2.2378378378378e-02 2.9081081081081e-02 6.9189189189189e-03 1.0162162162162e-02
5.1572327044025e-03 5.9874213836478e-02 5.1572327044025e-03 6.1635220125786e-03 2.3899371069182e-03 2.0628930817610e-01 2.1383647798742e-03 3.1446540880503e-03 4.7672955974843e-02 1.2025157232704e-01 1.6100628930818e-02 5.4088050314465e-03 1.8704402515723e-01 2.3899371069182e-03 2.3899371069182e-03 8.5534591194969e-03 8.1132075471698e-02 3.4591194968554e-02 7.0440251572327e-03 4.0251572327044e-03 3.2452830188679e-02 8.7672955974843e-02 2.3018867924528e-02 4.1509433962264e-03 4.5786163522013e-02
4.7887323943662e-03 5.6338028169014e-03 7.0422535211268e-03 3.8591549295775e-02 2.3943661971831e-02 1.6619718309859e-02 1.8000000000000e-01 5.3521126760563e-03 2.3098591549296e-02 3.9436619718310e-03 1.2760563380282e-01 5.8309859154930e-02 3.5211267605634e-02 1.2112676056338e-02 3.6619718309859e-03 5.1267605633803e-02 3.6619718309859e-03 7.0422535211268e-03 3.0985915492958e-02 5.3521126760563e-03 1.3802816901408e-02 3.9718309859155e-02 4.7887323943662e-03 2.8619718309859e-01 1.1267605633803e-02
1.5714285714286e-01 9.3548387096774e-02 1.3824884792627e-03 3.3548387096774e-02 2.3041474654378e-03 2.1658986175115e-02 7.4654377880184e-03 5.0506912442396e-02 1.0138248847926e-03 1.4746543778802e-03 1.2073732718894e-02 3.3732718894009e-02 2.2857142857143e-02 1.9262672811060e-02 1.7511520737327e-03 2.0552995391705e-02 2.3963133640553e-03 3.6866359447005e-03 2.7705069124424e-01 4.6635944700461e-02 5.2534562211982e-03 1.4746543778802e-03 2.5806451612903e-03 1.1631336405530e-01 6.4331797235023e-02
