5.0254237288136e-02 4.6016949152542e-02 2.7627118644068e-02 4.1525423728814e-02 9.6610169491525e-03 7.1271186440678e-02 2.7118644067797e-02 1.2906779661017e-01 1.8135593220339e-02 6.8220338983051e-02 4.4491525423729e-02 6.8474576271186e-02 3.5593220338983e-02 1.0932203389830e-02 3.7033898305085e-02 1.1694915254237e-02 5.5084745762712e-02 4.0000000000000e-02 1.7118644067797e-02 7.0677966101695e-02 1.5338983050847e-02 1.7627118644068e-02 3.4322033898305e-02 3.2796610169491e-02 1.9915254237288e-02
9.1942446043166e-02 3.4388489208633e-02 3.1366906474820e-02 1.3237410071942e-02 5.0431654676259e-02 2.3021582733813e-02 2.0647482014388e-02 7.1366906474820e-02 1.5971223021583e-02 6.3669064748201e-02 9.8848920863309e-02 3.3741007194245e-02 1.3381294964029e-02 1.7841726618705e-02 2.7338129496403e-02 4.5395683453237e-02 2.4532374100719e-02 3.3525179856115e-02 6.4676258992806e-02 1.9496402877698e-02 2.9352517985612e-02 3.9424460431655e-02 4.2374100719424e-02 7.0719424460432e-02 2.3309352517986e-02
7.1703703703704e-02 2.8296296296296e-02 6.6074074074074e-02 5.0592592592593e-02 1.3407407407407e-02 4.5555555555556e-02 7.3185185185185e-02 7.4148148148148e-02 4.5925925925926e-02 2.2222222222222e-02 3.7481481481481e-02 1.7037037037037e-02 3.8814814814815e-02 1.1629629629630e-02 3.3555555555556e-02 5.4666666666667e-02 2.2444444444444e-02 3.8296296296296e-02 2.2370370370370e-02 4.4740740740741e-02 4.3777777777778e-02 1.6814814814815e-02 6.6000000000000e-02 3.4518518518519e-02 2.6740740740741e-02
2.6160714285714e-02 3.2678571428571e-02 3.0892857142857e-02 7.7232142857143e-02 7.9107142857143e-02 2.7410714285714e-02 2.1250000000000e-02 2.3392857142857e-02 4.3482142857143e-02 2.6071428571429e-02 1.2678571428571e-02 2.1696428571429e-02 5.4464285714286e-02 4.5178571428571e-02 3.1250000000000e-02 2.0446428571429e-02 8.9821428571429e-02 7.3571428571429e-02 4.6875000000000e-02 3.1071428571429e-02 1.9107142857143e-02 2.2500000000000e-02 6.0000000000000e-02 3.2232142857143e-02 5.1428571428571e-02
2.1313131313131e-02 7.0000000000000e-02 7.1313131313131e-02 5.2323232323232e-02 1.6767676767677e-02 1.6666666666667e-02 1.7777777777778e-02 2.8585858585859e-02 2.5060606060606e-01 1.2828282828283e-02 2.2626262626263e-02 1.5959595959596e-02 1.4747474747475e-02 2.2222222222222e-02 3.1515151515152e-02 1.8080808080808e-02 1.7575757575758e-02 4.3131313131313e-02 2.0606060606061e-02 4.8080808080808e-02 1.6363636363636e-02 2.2424242424242e-02 1.8787878787879e-02 5.2020202020202e-02 7.7676767676768e-02
2.6804123711340e-02 9.0515463917526e-02 1.1958762886598e-02 1.3298969072165e-02 7.0515463917526e-02 1.9484536082474e-02 2.1546391752577e-02 1.5360824742268e-02 2.7835051546392e-02 5.1958762886598e-02 2.6701030927835e-02 1.2886597938144e-02 2.0103092783505e-02 1.8391752577320e-01 7.7628865979381e-02 5.4020618556701e-02 2.4432989690722e-02 2.4329896907216e-02 1.2783505154639e-02 1.3814432989691e-02 1.8350515463918e-02 7.7216494845361e-02 5.8453608247423e-02 2.5773195876289e-02 2.0309278350515e-02
1.6268656716418e-02 9.2985074626866e-02 2.5970149253731e-02 1.6268656716418e-02 2.2985074626866e-02 3.2388059701493e-02 2.2388059701493e-02 5.0895522388060e-02 9.1343283582089e-02 5.0746268656716e-02 2.2238805970149e-02 1.7761194029851e-02 2.0149253731343e-02 1.0104477611940e-01 2.2089552238806e-02 1.7761194029851e-02 1.5373134328358e-02 2.3880597014925e-02 1.5820895522388e-02 4.9552238805970e-02 1.8955223880597e-02 2.5970149253731e-02 1.7313432835821e-01 3.0447761194030e-02 2.3582089552239e-02
5.6639344262295e-02 3.2049180327869e-02 3.4180327868852e-02 1.5163934426229e-02 1.8032786885246e-02 1.8114754098361e-02 5.9016393442623e-02 4.6065573770492e-02 1.7540983606557e-02 4.7622950819672e-02 3.0737704918033e-02 3.9262295081967e-02 5.1967213114754e-02 3.3196721311475e-02 2.4590163934426e-02 2.3032786885246e-02 1.7491803278689e-01 6.6393442622951e-02 2.7786885245902e-02 1.9754098360656e-02 3.2213114754098e-02 3.4262295081967e-02 3.2377049180328e-02 2.3032786885246e-02 4.2049180327869e-02
3.6618705035971e-02 3.7553956834532e-02 4.1438848920863e-02 9.5539568345324e-02 5.5539568345324e-02 3.1870503597122e-02 2.5107913669065e-02 5.9784172661870e-02 1.4676258992806e-02 4.2014388489209e-02 3.5467625899281e-02 3.5251798561151e-02 2.4748201438849e-02 1.2877697841727e-02 1.3741007194245e-02 4.7913669064748e-02 2.3741007194245e-02 1.1546762589928e-01 2.9496402877698e-02 1.5035971223022e-02 2.7913669064748e-02 2.6330935251799e-02 2.3165467625899e-02 7.7553956834532e-02 5.1151079136691e-02
3.9315068493151e-02 3.0136986301370e-02 1.6027397260274e-02 1.6986301369863e-02 1.6849315068493e-02 4.1643835616438e-02 4.4931506849315e-02 3.1780821917808e-02 9.9041095890411e-02 1.2931506849315e-01 2.0821917808219e-02 2.3972602739726e-02 4.0821917808219e-02 3.6164383561644e-02 3.4383561643836e-02 2.4931506849315e-02 3.2876712328767e-02 2.6986301369863e-02 4.6575342465753e-02 3.8082191780822e-02 1.9315068493151e-02 5.2465753424658e-02 8.1917808219178e-02 3.5479452054795e-02 1.9178082191781e-02
2.0476190476190e-02 1.9682539682540e-02 3.2698412698413e-02 5.3015873015873e-02 1.1460317460317e-01 3.0634920634921e-02 5.4126984126984e-02 3.2857142857143e-02 2.0952380952381e-02 1.8095238095238e-02 3.5873015873016e-02 2.3650793650794e-02 3.4126984126984e-02 2.0793650793651e-02 2.9206349206349e-02 2.6666666666667e-02 1.6825396825397e-02 8.4761904761905e-02 1.6825396825397e-02 4.2222222222222e-02 1.0365079365079e-01 2.0952380952381e-02 2.7301587301587e-02 5.9206349206349e-02 6.0793650793651e-02
2.0256000000000e-01 2.2240000000000e-02 8.3040000000000e-02 1.2400000000000e-02 3.4960000000000e-02 5.8560000000000e-02 2.9440000000000e-02 6.2160000000000e-02 1.0960000000000e-02 3.6800000000000e-02 5.2880000000000e-02 3.4080000000000e-02 4.0720000000000e-02 2.2480000000000e-02 2.8320000000000e-02 1.6240000000000e-02 5.0800000000000e-02 1.7040000000000e-02 1.6080000000000e-02 2.4720000000000e-02 4.4160000000000e-02 1.7840000000000e-02 3.0480000000000e-02 3.4480000000000e-02 1.6560000000000e-02
4.4264705882353e-02 1.1632352941176e-01 3.4411764705882e-02 3.1029411764706e-02 2.2794117647059e-02 3.1029411764706e-02 5.0735294117647e-02 1.8235294117647e-02 7.9411764705882e-02 6.8235294117647e-02 2.3529411764706e-02 1.7647058823529e-02 2.0588235294118e-02 2.3823529411765e-02 4.5294117647059e-02 5.2205882352941e-02 2.8676470588235e-02 1.6029411764706e-02 1.7794117647059e-02 4.1911764705882e-02 2.3529411764706e-02 3.4117647058823e-02 1.2691176470588e-01 1.5882352941176e-02 1.5588235294118e-02
4.1290322580645e-02 2.5000000000000e-02 2.1048387096774e-02 6.7741935483871e-02 1.1943548387097e-01 3.1612903225806e-02 3.2661290322581e-02 3.2822580645161e-02 1.1935483870968e-02 3.3629032258065e-02 1.1451612903226e-02 8.1774193548387e-02 7.9193548387097e-02 1.6290322580645e-02 2.5000000000000e-02 3.4193548387097e-02 1.5000000000000e-02 5.6935483870968e-02 2.3306451612903e-02 1.9677419354839e-02 6.1290322580645e-02 3.2338709677419e-02 2.0241935483871e-02 7.1290322580645e-02 3.4838709677419e-02
5.8348623853211e-02 3.0091743119266e-02 5.0825688073394e-02 3.2844036697248e-02 7.5229357798165e-02 6.7064220183486e-02 1.9082568807339e-02 3.0733944954128e-02 1.4587155963303e-02 1.7339449541284e-02 1.2568807339450e-02 2.4495412844037e-02 3.1467889908257e-02 3.2660550458716e-02 3.6880733944954e-02 1.2752293577982e-02 7.7798165137615e-02 8.6697247706422e-02 1.1642201834862e-01 2.4403669724771e-02 2.1651376146789e-02 2.3577981651376e-02 2.4678899082569e-02 1.5963302752294e-02 6.1834862385321e-02
2.0740740740741e-02 1.3703703703704e-02 6.4074074074074e-02 2.7654320987654e-02 9.4444444444444e-02 2.4814814814815e-02 2.7160493827161e-02 2.1851851851852e-02 4.4691358024691e-02 1.2716049382716e-02 2.5802469135802e-02 3.7037037037037e-02 2.2098765432099e-02 2.0246913580247e-02 1.3617283950617e-01 1.7777777777778e-02 1.3703703703704e-02 4.3950617283951e-02 5.0493827160494e-02 1.5679012345679e-02 4.2716049382716e-02 7.2716049382716e-02 6.3703703703704e-02 2.8641975308642e-02 5.7407407407407e-02
4.1221374045802e-02 2.2900763358779e-02 1.0839694656489e-02 1.2137404580153e-02 1.5114503816794e-02 1.7786259541985e-02 1.7480916030534e-02 5.9236641221374e-02 1.0099236641221e-01 3.1755725190840e-02 6.3893129770992e-02 6.1679389312977e-02 2.4885496183206e-02 1.4122137404580e-02 3.9465648854962e-02 1.4839694656489e-01 1.7022900763359e-02 4.7404580152672e-02 3.6870229007634e-02 3.9389312977099e-02 2.5801526717557e-02 5.4885496183206e-02 3.3129770992366e-02 2.6106870229008e-02 3.7480916030534e-02
1.4605263157895e-02 4.4868421052632e-02 1.8552631578947e-02 2.1842105263158e-02 1.6578947368421e-02 3.8157894736842e-02 1.5802631578947e-01 2.0394736842105e-02 5.9342105263158e-02 1.7368421052632e-02 2.1052631578947e-02 6.9342105263158e-02 2.7500000000000e-02 1.0789473684211e-01 1.6973684210526e-02 1.8947368421053e-02 3.3157894736842e-02 1.4342105263158e-02 4.1710526315789e-02 3.2500000000000e-02 3.5921052631579e-02 3.7105263157895e-02 3.5000000000000e-02 1.7894736842105e-02 8.0921052631579e-02
1.7692307692308e-02 1.7008547008547e-02 3.0854700854701e-02 2.9572649572650e-02 1.1393162393162e-01 5.1452991452991e-02 1.2820512820513e-02 1.8888888888889e-02 2.5384615384615e-02 2.1538461538462e-02 2.0598290598291e-02 1.9487179487179e-02 1.8376068376068e-01 1.3589743589744e-02 1.7521367521368e-02 2.3333333333333e-02 3.9145299145299e-02 9.3589743589743e-02 1.9658119658120e-02 5.4957264957265e-02 5.9145299145299e-02 1.8632478632479e-02 3.4786324786325e-02 3.8205128205128e-02 2.4444444444444e-02
1.3107913669065e-01 1.5107913669065e-02 4.0935251798561e-02 1.2733812949640e-02 1.6618705035971e-02 1.6690647482014e-02 5.3884892086331e-02 5.6474820143885e-02 2.0287769784173e-02 7.3309352517986e-02 4.4172661870504e-02 4.3741007194245e-02 1.6798561151079e-01 1.3309352517986e-02 1.6906474820144e-02 1.8561151079137e-02 3.3597122302158e-02 3.1366906474820e-02 2.4964028776978e-02 2.2446043165468e-02 4.6187050359712e-02 1.7194244604317e-02 1.3021582733813e-02 5.0143884892086e-02 1.9280575539568e-02
7.2500000000000e-02 6.8790322580645e-02 7.8225806451613e-02 3.2903225806452e-02 1.4758064516129e-02 8.1370967741936e-02 2.2983870967742e-02 1.2983870967742e-01 1.6532258064516e-02 4.0483870967742e-02 1.7177419354839e-02 6.8064516129032e-02 4.3951612903226e-02 1.0967741935484e-02 2.5725806451613e-02 2.2983870967742e-02 3.3790322580645e-02 2.4032258064516e-02 2.5967741935484e-02 1.3225806451613e-02 4.2419354838710e-02 2.0403225806452e-02 1.7983870967742e-02 5.7580645161290e-02 1.7338709677419e-02
2.7200000000000e-02 3.1200000000000e-02 2.0400000000000e-02 3.0800000000000e-02 1.9400000000000e-02 4.6300000000000e-02 1.6700000000000e-02 6.0800000000000e-02 2.3100000000000e-02 1.5700000000000e-02 3.0400000000000e-02 1.8700000000000e-02 1.6100000000000e-02 1.4450000000000e-01 5.4900000000000e-02 3.7700000000000e-02 8.3100000000000e-02 1.4500000000000e-02 4.5200000000000e-02 1.7200000000000e-02 6.7700000000000e-02 8.1000000000000e-02 3.6200000000000e-02 4.8300000000000e-02 1.2900000000000e-02
4.4864864864865e-02 4.1283783783784e-02 6.4256756756757e-02 5.3378378378378e-02 3.4864864864865e-02 2.6824324324324e-02 4.1554054054054e-02 2.9527027027027e-02 1.3513513513514e-02 9.6418918918919e-02 6.9391891891892e-02 6.3310810810811e-02 3.5405405405405e-02 3.0878378378378e-02 2.6283783783784e-02 2.2027027027027e-02 2.9662162162162e-02 5.2364864864865e-02 4.2635135135135e-02 5.7432432432432e-02 2.0202702702703e-02 2.9662162162162e-02 2.5540540540541e-02 1.8108108108108e-02 3.0608108108108e-02
6.8416666666667e-02 1.2333333333333e-02 6.4666666666667e-02 2.1833333333333e-02 1.5416666666667e-02 3.3500000000000e-02 1.8666666666667e-02 7.9000000000000e-02 2.6916666666667e-02 3.6750000000000e-02 1.7000000000000e-02 5.9166666666667e-02 4.5916666666667e-02 2.0833333333333e-02 1.6916666666667e-02 1.2250000000000e-02 2.1833333333333e-02 3.9583333333333e-02 1.4533333333333e-01 2.7666666666667e-02 2.0416666666667e-02 2.6500000000000e-02 1.6000000000000e-02 9.5833333333333e-02 5.7250000000000e-02
4.1428571428571e-02 1.5462184873950e-02 3.0336134453781e-02 3.3025210084034e-02 1.6470588235294e-02 5.6470588235294e-02 1.0747899159664e-01 1.9747899159664e-02 4.4705882352941e-02 3.8823529411765e-02 3.3277310924370e-02 3.9243697478992e-02 1.4361344537815e-01 1.8739495798319e-02 6.8571428571428e-02 2.8235294117647e-02 1.0756302521008e-02 3.1176470588235e-02 2.4369747899160e-02 4.9159663865546e-02 1.9243697478992e-02 1.3949579831933e-02 4.7647058823529e-02 1.9915966386555e-02 4.8151260504202e-02
1.9538461538462e-02 2.1538461538462e-02 2.8153846153846e-02 1.8461538461538e-02 2.8307692307692e-02 1.8615384615385e-02 4.2923076923077e-02 2.2000000000000e-02 2.7923076923077e-01 4.7538461538461e-02 2.6461538461538e-02 3.1538461538461e-02 5.1692307692308e-02 4.6307692307692e-02 2.6000000000000e-02 2.7692307692308e-02 2.0923076923077e-02 1.5692307692308e-02 5.1538461538461e-02 1.9230769230769e-02 1.9230769230769e-02 3.3230769230769e-02 6.3076923076923e-02 2.3230769230769e-02 1.7846153846154e-02
5.1219512195122e-02 1.5365853658537e-02 7.1951219512195e-02 2.4715447154472e-02 1.7073170731707e-02 3.7235772357724e-02 3.5691056910569e-02 3.7642276422764e-02 2.7398373983740e-02 8.1951219512195e-02 2.0406504065041e-02 2.2195121951220e-02 1.0406504065041e-01 4.9268292682927e-02 1.7235772357724e-02 1.4227642276423e-02 5.1707317073171e-02 3.5691056910569e-02 3.2032520325203e-02 6.4634146341463e-02 2.0406504065041e-02 1.7804878048780e-02 3.1788617886179e-02 8.8455284552846e-02 2.9837398373984e-02
3.4705882352941e-02 3.1176470588235e-02 5.7450980392157e-02 4.9215686274510e-02 3.5882352941176e-02 3.3137254901961e-02 2.3333333333333e-02 8.3137254901961e-02 2.4117647058824e-02 2.4509803921569e-02 2.2156862745098e-02 3.4117647058823e-02 4.5294117647059e-02 3.8823529411765e-02 5.2549019607843e-02 6.1568627450980e-02 2.0588235294118e-02 3.6078431372549e-02 2.9019607843137e-02 4.4313725490196e-02 2.9607843137255e-02 2.1960784313725e-02 2.4117647058824e-02 8.4117647058823e-02 5.9019607843137e-02
1.7460317460317e-02 8.9365079365079e-02 4.6666666666667e-02 2.0634920634921e-02 6.2539682539682e-02 3.7460317460317e-02 3.7619047619048e-02 3.7936507936508e-02 1.7936507936508e-02 6.2857142857143e-02 2.3333333333333e-02 2.8412698412698e-02 7.4444444444444e-02 5.8253968253968e-02 1.8888888888889e-02 4.6666666666667e-02 2.9841269841270e-02 2.2222222222222e-02 2.6190476190476e-02 4.3015873015873e-02 5.4603174603175e-02 2.0476190476190e-02 5.4285714285714e-02 5.1428571428571e-02 1.7460317460317e-02
2.1111111111111e-02 3.2222222222222e-02 4.1481481481481e-02 6.5370370370370e-02 2.7037037037037e-02 5.5370370370370e-02 1.8888888888889e-02 3.0925925925926e-02 2.5925925925926e-02 1.8888888888889e-02 3.0740740740741e-02 7.5925925925926e-02 2.2962962962963e-02 2.5185185185185e-02 4.6666666666667e-02 2.0000000000000e-02 3.6851851851852e-02 6.3333333333333e-02 7.5370370370370e-02 2.0370370370370e-02 1.3092592592593e-01 3.7407407407407e-02 1.8888888888889e-02 2.0000000000000e-02 3.8148148148148e-02
2.2933333333333e-02 8.8666666666667e-02 2.2266666666667e-02 1.4400000000000e-02 3.5333333333333e-02 2.5600000000000e-02 2.1466666666667e-02 5.4666666666667e-02 3.4533333333333e-02 3.1066666666667e-02 4.2133333333333e-02 4.4800000000000e-02 7.8133333333333e-02 2.3866666666667e-02 3.8000000000000e-02 4.3333333333333e-02 1.3826666666667e-01 4.0000000000000e-02 3.6133333333333e-02 2.1333333333333e-02 1.7600000000000e-02 2.0133333333333e-02 5.4800000000000e-02 2.6400000000000e-02 2.4133333333333e-02
1.9763779527559e-02 3.3779527559055e-02 3.3070866141732e-02 2.4724409448819e-02 6.2125984251968e-02 5.1023622047244e-02 8.1811023622047e-02 9.4645669291338e-02 5.4881889763779e-02 3.3700787401575e-02 1.4173228346457e-02 4.5354330708661e-02 6.4094488188976e-02 2.4173228346457e-02 4.1102362204724e-02 3.8267716535433e-02 6.4251968503937e-02 4.2440944881890e-02 1.6299212598425e-02 1.6062992125984e-02 2.5354330708661e-02 1.7952755905512e-02 5.5196850393701e-02 1.6456692913386e-02 2.9291338582677e-02
5.6029411764706e-02 3.5882352941176e-02 3.6617647058823e-02 3.7573529411765e-02 6.3676470588235e-02 6.5073529411765e-02 7.9411764705882e-02 6.4117647058824e-02 2.0808823529412e-02 1.6691176470588e-02 1.8308823529412e-02 4.6102941176471e-02 5.6617647058824e-02 1.1397058823529e-02 5.4852941176471e-02 2.3382352941176e-02 3.1176470588235e-02 4.8750000000000e-02 5.3897058823529e-02 5.0294117647059e-02 2.5220588235294e-02 1.3602941176471e-02 2.2279411764706e-02 4.4485294117647e-02 2.3750000000000e-02
3.5277777777778e-02 1.0222222222222e-01 2.8611111111111e-02 2.9722222222222e-02 2.9444444444444e-02 3.1111111111111e-02 4.7500000000000e-02 4.4166666666667e-02 2.8611111111111e-02 5.1944444444444e-02 3.8055555555555e-02 2.8611111111111e-02 4.9722222222222e-02 9.7777777777778e-02 2.8888888888889e-02 3.1388888888889e-02 2.8888888888889e-02 2.9444444444444e-02 2.8055555555555e-02 3.2222222222222e-02 3.8333333333333e-02 2.8055555555555e-02 5.3055555555555e-02 3.0000000000000e-02 2.8888888888889e-02
2.5578231292517e-02 2.4353741496599e-02 2.3129251700680e-02 4.5034013605442e-02 6.9727891156463e-02 1.9047619047619e-02 1.0054421768707e-01 7.3333333333333e-02 1.2721088435374e-02 6.2789115646258e-02 2.9863945578231e-02 6.0204081632653e-02 3.1428571428571e-02 2.3401360544218e-02 1.6122448979592e-02 5.0204081632653e-02 3.9863945578231e-02 5.9047619047619e-02 4.7687074829932e-02 4.8435374149660e-02 2.7755102040816e-02 1.4761904761905e-02 3.4353741496599e-02 3.2925170068027e-02 2.7687074829932e-02
5.0683760683761e-02 2.4017094017094e-02 2.8547008547009e-02 1.6068376068376e-02 2.3333333333333e-02 5.4615384615385e-02 9.0427350427350e-02 8.9829059829060e-02 3.0683760683761e-02 4.1880341880342e-02 4.2222222222222e-02 4.4786324786325e-02 2.5470085470085e-02 2.7606837606838e-02 4.3418803418803e-02 3.0683760683761e-02 3.5811965811966e-02 5.4188034188034e-02 7.2136752136752e-02 4.1538461538461e-02 3.7350427350427e-02 1.8376068376068e-02 3.5213675213675e-02 1.5213675213675e-02 2.5897435897436e-02
1.1118881118881e-01 1.3636363636364e-02 2.9370629370629e-02 4.1748251748252e-02 2.1328671328671e-02 5.3076923076923e-02 3.6993006993007e-02 6.1888111888112e-02 1.7342657342657e-02 2.4335664335664e-02 2.2797202797203e-02 4.4965034965035e-02 1.4916083916084e-01 1.6643356643357e-02 2.2097902097902e-02 4.4265734265734e-02 1.8041958041958e-02 8.0559440559441e-02 2.2797202797203e-02 2.3216783216783e-02 3.9790209790210e-02 1.4755244755245e-02 2.9230769230769e-02 3.4335664335664e-02 2.6433566433566e-02
2.8828125000000e-02 3.7812500000000e-02 2.8046875000000e-02 1.3671875000000e-02 1.2656250000000e-02 2.6640625000000e-02 9.9609375000000e-02 7.6328125000000e-02 4.5546875000000e-02 3.9453125000000e-02 5.6562500000000e-02 5.4375000000000e-02 3.5937500000000e-02 1.8671875000000e-02 4.6875000000000e-02 3.9531250000000e-02 2.2265625000000e-02 5.8359375000000e-02 1.8203125000000e-02 7.6875000000000e-02 3.4609375000000e-02 3.0703125000000e-02 1.9062500000000e-02 3.7265625000000e-02 4.2109375000000e-02
6.4259259259259e-02 5.2407407407407e-02 2.1296296296296e-02 5.1666666666667e-02 2.2592592592593e-02 2.9074074074074e-02 2.0925925925926e-02 2.7777777777778e-02 2.1851851851852e-02 5.9074074074074e-02 5.6481481481481e-02 2.8148148148148e-02 2.0555555555556e-02 6.6851851851852e-02 3.3148148148148e-02 4.5370370370370e-02 4.9074074074074e-02 8.5185185185185e-02 7.1666666666667e-02 2.8148148148148e-02 3.8703703703704e-02 1.9074074074074e-02 3.7777777777778e-02 2.2407407407407e-02 2.6481481481482e-02
1.2907284768212e-01 3.3112582781457e-02 4.8874172185430e-02 2.1589403973510e-02 1.4701986754967e-02 1.5695364238411e-02 3.8211920529801e-02 6.2185430463576e-02 2.0331125827815e-02 4.5761589403973e-02 1.6947019867550e-01 5.1390728476821e-02 2.1059602649007e-02 2.9801324503311e-02 3.7483443708609e-02 1.7284768211921e-02 2.5033112582781e-02 2.6490066225166e-02 2.2715231788079e-02 5.2052980132450e-02 1.9602649006623e-02 2.8278145695364e-02 2.2185430463576e-02 3.5960264900662e-02 1.1655629139073e-02
1.7925925925926e-02 2.9185185185185e-02 5.4888888888889e-02 1.0925925925926e-01 5.4444444444444e-02 2.3111111111111e-02 6.8296296296296e-02 2.8962962962963e-02 1.2592592592593e-02 2.8222222222222e-02 5.5037037037037e-02 3.3703703703704e-02 2.7333333333333e-02 3.4370370370370e-02 2.8962962962963e-02 1.4666666666667e-02 5.6888888888889e-02 4.8592592592593e-02 5.2074074074074e-02 3.1407407407407e-02 3.6814814814815e-02 3.1925925925926e-02 5.0370370370370e-02 3.6000000000000e-02 3.4962962962963e-02
1.7758620689655e-02 5.8793103448276e-02 1.7931034482759e-02 1.7413793103448e-02 1.7413793103448e-02 2.6379310344828e-02 1.1655172413793e-01 7.3275862068966e-02 2.0000000000000e-02 2.7413793103448e-02 1.7241379310345e-02 1.7586206896552e-02 6.7586206896552e-02 1.1517241379310e-01 2.2068965517241e-02 2.3793103448276e-02 1.8793103448276e-02 6.4137931034483e-02 4.1896551724138e-02 8.2413793103448e-02 1.8965517241379e-02 1.7241379310345e-02 5.3448275862069e-02 1.9310344827586e-02 2.7413793103448e-02
4.5348837209302e-02 3.2558139534884e-02 1.9767441860465e-02 2.9418604651163e-02 2.8255813953488e-02 6.0813953488372e-02 1.2906976744186e-02 2.5813953488372e-02 1.7674418604651e-02 3.0348837209302e-02 1.3372093023256e-02 2.3953488372093e-02 4.5813953488372e-02 8.0465116279070e-02 4.1279069767442e-02 4.4534883720930e-02 1.2674418604651e-02 5.8720930232558e-02 1.1465116279070e-01 1.7906976744186e-02 2.7906976744186e-02 1.8953488372093e-02 1.4186046511628e-02 6.3604651162791e-02 1.1906976744186e-01
1.0377358490566e-02 2.4150943396226e-02 4.5000000000000e-02 8.9433962264151e-02 3.8018867924528e-02 5.5754716981132e-02 3.0660377358491e-02 2.4528301886792e-02 1.4622641509434e-02 1.4811320754717e-02 3.6037735849057e-02 1.3773584905660e-02 3.3773584905660e-02 9.2452830188679e-02 1.5433962264151e-01 5.2264150943396e-02 1.6226415094340e-02 3.2452830188679e-02 2.4056603773585e-02 4.4716981132075e-02 2.3396226415094e-02 4.1415094339623e-02 1.6226415094340e-02 2.7830188679245e-02 4.3679245283019e-02
4.9193548387097e-02 3.2096774193548e-02 8.6290322580645e-02 5.1774193548387e-02 1.1790322580645e-01 1.9838709677419e-02 3.3548387096774e-02 2.0967741935484e-02 3.1290322580645e-02 3.3870967741935e-02 1.9354838709677e-02 3.2741935483871e-02 2.5645161290323e-02 9.1612903225806e-02 2.7419354838710e-02 1.0435483870968e-01 1.6451612903226e-02 1.7580645161290e-02 1.7096774193548e-02 4.8870967741936e-02 2.6774193548387e-02 2.1290322580645e-02 2.6290322580645e-02 1.7096774193548e-02 3.0645161290323e-02
2.3780487804878e-02 5.5365853658537e-02 2.4024390243902e-02 2.7195121951220e-02 2.2439024390244e-02 2.9024390243902e-02 1.4390243902439e-02 1.8414634146341e-02 3.7682926829268e-02 3.7439024390244e-02 1.4195121951220e-01 4.6463414634146e-02 1.6463414634146e-02 1.7890243902439e-01 6.0975609756098e-02 1.8902439024390e-02 2.8292682926829e-02 1.8170731707317e-02 3.3536585365854e-02 2.5487804878049e-02 1.8170731707317e-02 4.3292682926829e-02 3.2804878048781e-02 2.5243902439024e-02 2.1585365853659e-02
1.3493975903614e-02 1.2253012048193e-01 2.4096385542169e-02 1.5421686746988e-02 2.1204819277108e-02 2.4096385542169e-02 1.4698795180723e-02 2.5180722891566e-02 2.5638554216867e-01 2.2891566265060e-02 8.9156626506024e-02 2.6626506024096e-02 3.7228915662651e-02 2.7228915662651e-02 1.5421686746988e-02 1.7831325301205e-02 1.4216867469880e-02 5.3855421686747e-02 2.5180722891566e-02 2.1686746987952e-02 1.6867469879518e-02 4.1084337349398e-02 2.6987951807229e-02 2.8795180722892e-02 1.7831325301205e-02
5.6944444444444e-02 5.3333333333333e-02 1.7500000000000e-02 1.5555555555556e-02 1.0291666666667e-01 1.7777777777778e-02 1.4444444444444e-02 2.1250000000000e-02 1.9027777777778e-02 4.6805555555556e-02 1.9027777777778e-02 2.1944444444444e-02 2.1944444444444e-02 6.0972222222222e-02 3.5416666666667e-02 3.0555555555556e-02 5.7361111111111e-02 1.0444444444444e-01 7.3194444444444e-02 2.2777777777778e-02 1.7500000000000e-02 3.4444444444444e-02 2.8750000000000e-02 5.2638888888889e-02 5.3472222222222e-02
3.2611940298507e-02 4.4402985074627e-02 1.7835820895522e-02 3.8507462686567e-02 8.8358208955224e-02 3.0597014925373e-02 2.5522388059701e-02 2.8208955223881e-02 4.9850746268657e-02 6.1194029850746e-02 1.7089552238806e-02 3.9402985074627e-02 3.9925373134328e-02 1.7686567164179e-02 4.1940298507463e-02 9.8955223880597e-02 4.4253731343284e-02 8.9850746268657e-02 2.8208955223881e-02 3.8507462686567e-02 2.6567164179104e-02 3.1417910447761e-02 2.4029850746269e-02 2.8731343283582e-02 1.6343283582090e-02
1.1417910447761e-02 2.0746268656716e-02 6.0746268656716e-02 6.2014925373134e-02 5.5671641791045e-02 2.4253731343284e-02 4.8731343283582e-02 1.2089552238806e-02 1.1343283582090e-02 7.0000000000000e-02 3.1417910447761e-02 5.5820895522388e-02 1.4253731343284e-02 4.4253731343284e-02 7.0895522388060e-02 3.0820895522388e-02 1.5447761194030e-02 4.1567164179104e-02 2.3059701492537e-02 6.5373134328358e-02 8.1044776119403e-02 5.6119402985075e-02 2.6492537313433e-02 3.1716417910448e-02 3.4701492537313e-02
2.0509259259259e-02 1.9351851851852e-02 3.5092592592593e-02 1.2592592592593e-02 8.1018518518519e-03 4.4027777777778e-02 9.5185185185185e-02 3.4953703703704e-02 3.0879629629630e-02 3.8935185185185e-02 2.7361111111111e-02 3.1805555555556e-02 4.8333333333333e-02 2.5000000000000e-02 2.1435185185185e-02 1.7268518518519e-02 1.4023148148148e-01 1.8194444444444e-02 9.8518518518519e-02 3.8333333333333e-02 2.7129629629630e-02 3.6111111111111e-02 2.0000000000000e-02 3.8287037037037e-02 7.2361111111111e-02
1.5069444444444e-02 2.3125000000000e-02 6.3472222222222e-02 3.4375000000000e-02 1.0416666666667e-02 4.2430555555556e-02 6.1041666666667e-02 3.4166666666667e-02 2.2708333333333e-02 8.1736111111111e-02 1.0458333333333e-01 3.5277777777778e-02 1.3125000000000e-02 2.6736111111111e-02 2.6736111111111e-02 1.1472222222222e-01 3.1250000000000e-02 2.1111111111111e-02 2.6250000000000e-02 2.2222222222222e-02 1.4513888888889e-02 8.3541666666667e-02 2.8611111111111e-02 3.3125000000000e-02 2.9652777777778e-02
1.6282051282051e-02 1.7307692307692e-02 6.2435897435897e-02 2.3974358974359e-02 3.5769230769231e-02 1.7564102564103e-02 1.4487179487179e-02 2.0384615384615e-02 1.6538461538462e-02 3.1794871794872e-02 2.3589743589744e-02 3.2948717948718e-02 2.0512820512820e-02 1.4230769230769e-02 7.1923076923077e-02 1.6333333333333e-01 2.6153846153846e-02 4.8205128205128e-02 1.5256410256410e-02 1.9102564102564e-02 7.6794871794872e-02 1.0333333333333e-01 2.6794871794872e-02 4.1794871794872e-02 5.9487179487179e-02
4.5200000000000e-02 3.4533333333333e-02 5.7866666666667e-02 3.9600000000000e-02 2.6133333333333e-02 6.1066666666667e-02 1.9600000000000e-02 1.9333333333333e-02 4.3066666666667e-02 2.5733333333333e-02 2.5333333333333e-02 2.1466666666667e-02 2.4666666666667e-02 5.1466666666667e-02 6.4400000000000e-02 2.1200000000000e-02 3.7600000000000e-02 2.7466666666667e-02 2.7333333333333e-02 6.5066666666667e-02 2.4933333333333e-02 1.1093333333333e-01 2.7200000000000e-02 3.6000000000000e-02 6.2800000000000e-02
2.9626865671642e-02 5.2462686567164e-02 2.3432835820896e-02 3.0970149253731e-02 7.2985074626866e-02 3.8208955223881e-02 3.8582089552239e-02 7.3283582089552e-02 1.7835820895522e-02 2.6194029850746e-02 4.1343283582090e-02 3.0597014925373e-02 2.4701492537313e-02 1.5746268656716e-02 2.6641791044776e-02 2.1865671641791e-02 4.0149253731343e-02 8.0447761194030e-02 1.3417910447761e-01 2.1343283582090e-02 3.4104477611940e-02 2.4029850746269e-02 2.7164179104478e-02 3.7388059701493e-02 3.6716417910448e-02
2.4426229508197e-02 1.1655737704918e-01 2.4918032786885e-02 2.6393442622951e-02 3.4754098360656e-02 3.0983606557377e-02 2.4098360655738e-02 2.4098360655738e-02 3.1147540983607e-02 2.7540983606557e-02 2.4098360655738e-02 1.0557377049180e-01 2.6229508196721e-02 8.8688524590164e-02 4.0000000000000e-02 4.0163934426229e-02 2.5737704918033e-02 3.1639344262295e-02 2.1803278688525e-02 2.8852459016393e-02 2.9836065573770e-02 3.5409836065574e-02 2.8196721311475e-02 2.4098360655738e-02 8.4754098360656e-02
3.7986577181208e-02 2.7449664429530e-02 6.6040268456376e-02 3.2080536912752e-02 1.0067114093960e-02 3.9127516778523e-02 9.4228187919463e-02 9.6510067114094e-02 2.1543624161074e-02 5.1543624161074e-02 2.0469798657718e-02 5.3758389261745e-02 1.6510067114094e-02 2.2348993288591e-02 4.5973154362416e-02 2.5637583892617e-02 4.2751677852349e-02 3.4093959731544e-02 1.8322147651007e-02 4.9328859060403e-02 2.8187919463087e-02 4.6510067114094e-02 6.0134228187919e-02 3.3691275167785e-02 2.5704697986577e-02
6.0937500000000e-02 4.1562500000000e-02 4.3359375000000e-02 1.3203125000000e-02 1.3828125000000e-02 6.0234375000000e-02 2.4765625000000e-02 3.7734375000000e-02 2.8281250000000e-02 4.8437500000000e-02 1.6796875000000e-02 6.2500000000000e-02 1.4921875000000e-02 1.8906250000000e-02 3.6171875000000e-02 8.2265625000000e-02 5.2187500000000e-02 1.0156250000000e-01 2.6718750000000e-02 3.2968750000000e-02 3.7109375000000e-02 3.0625000000000e-02 4.7109375000000e-02 3.6015625000000e-02 3.1796875000000e-02
1.5820895522388e-02 7.9402985074627e-02 3.1641791044776e-02 2.7014925373134e-02 6.3731343283582e-02 1.6417910447761e-02 3.4179104477612e-02 2.8507462686567e-02 2.0447761194030e-02 2.2985074626866e-02 1.8656716417910e-02 3.8955223880597e-02 1.2522388059702e-01 7.4179104477612e-02 1.8507462686567e-02 2.2238805970149e-02 1.6865671641791e-02 2.5074626865672e-02 2.4179104477612e-02 2.4029850746269e-02 6.5074626865672e-02 3.6268656716418e-02 2.2686567164179e-02 3.1940298507463e-02 1.1597014925373e-01
5.6986301369863e-02 1.8630136986301e-02 2.6301369863014e-02 2.4657534246575e-02 3.3698630136986e-02 4.5479452054795e-02 5.2739726027397e-02 5.0410958904110e-02 2.8904109589041e-02 5.2739726027397e-02 2.8356164383562e-02 1.9315068493151e-02 1.7123287671233e-02 6.2739726027397e-02 2.8767123287671e-02 1.7397260273973e-02 1.0630136986301e-01 2.6986301369863e-02 7.5205479452055e-02 2.4794520547945e-02 2.0410958904110e-02 7.0547945205479e-02 1.5479452054795e-02 6.9041095890411e-02 2.6986301369863e-02
3.6293103448276e-02 1.8706896551724e-02 5.2758620689655e-02 1.8793103448276e-02 3.6379310344828e-02 2.4051724137931e-02 1.7896551724138e-01 9.0862068965517e-02 3.7931034482759e-02 2.2844827586207e-02 3.2672413793103e-02 5.1724137931034e-02 4.2758620689655e-02 1.3189655172414e-02 6.1810344827586e-02 1.8189655172414e-02 1.6379310344828e-02 2.5000000000000e-02 2.9827586206897e-02 1.8103448275862e-02 4.1551724137931e-02 1.6206896551724e-02 4.2327586206897e-02 2.7068965517241e-02 4.5603448275862e-02
2.1956521739130e-02 2.0652173913043e-02 1.7934782608696e-02 1.7826086956522e-02 2.9456521739130e-02 5.6086956521739e-02 1.1630434782609e-02 2.5543478260870e-02 4.6847826086957e-02 8.0869565217391e-02 5.4021739130435e-02 1.5869565217391e-02 1.2717391304348e-02 1.3608695652174e-01 4.3043478260870e-02 7.1086956521739e-02 1.6521739130435e-02 2.6956521739130e-02 4.7608695652174e-02 7.0108695652174e-02 3.7282608695652e-02 1.6956521739130e-02 5.7934782608696e-02 4.5978260869565e-02 1.9021739130435e-02
4.3063063063063e-02 4.3333333333333e-02 3.2252252252252e-02 2.5225225225225e-02 2.4054054054054e-02 8.5225225225225e-02 1.0081081081081e-01 4.7207207207207e-02 4.3153153153153e-02 1.9729729729730e-02 3.6846846846847e-02 4.4234234234234e-02 1.9459459459459e-02 3.8738738738739e-02 3.0450450450450e-02 7.9279279279279e-02 2.3963963963964e-02 1.6036036036036e-02 4.3873873873874e-02 6.1621621621622e-02 3.1531531531532e-02 1.9279279279279e-02 4.8198198198198e-02 2.4864864864865e-02 1.7567567567568e-02
3.8598130841121e-02 5.0373831775701e-02 3.8878504672897e-02 3.6542056074766e-02 1.0971962616822e-01 2.2242990654206e-02 7.0841121495327e-02 2.5514018691589e-02 6.0373831775701e-02 5.2897196261682e-02 2.2336448598131e-02 2.0654205607477e-02 1.0934579439252e-02 1.1401869158878e-02 2.8037383177570e-02 2.0000000000000e-02 1.4299065420561e-02 4.0560747663551e-02 6.3831775700935e-02 5.7102803738318e-02 6.8130841121495e-02 6.2616822429907e-02 1.6074766355140e-02 3.9158878504673e-02 1.8878504672897e-02
6.1489361702128e-02 4.7446808510638e-02 2.5531914893617e-02 2.7446808510638e-02 2.2765957446808e-02 6.5957446808511e-02 2.1276595744681e-02 2.1914893617021e-02 2.3191489361702e-02 3.1489361702128e-02 2.7659574468085e-02 4.5531914893617e-02 4.1914893617021e-02 1.1574468085106e-01 2.4893617021277e-02 6.3617021276596e-02 5.5531914893617e-02 4.8510638297872e-02 7.0212765957447e-02 2.1914893617021e-02 2.6382978723404e-02 3.2765957446809e-02 2.2127659574468e-02 3.0851063829787e-02 2.3829787234043e-02
1.6363636363636e-02 2.9610389610390e-02 5.0649350649351e-02 8.8441558441558e-02 1.6363636363636e-02 2.1428571428571e-02 2.5324675324675e-02 3.2987012987013e-02 3.4285714285714e-02 1.6493506493506e-02 5.2077922077922e-02 2.9220779220779e-02 1.7142857142857e-02 2.0129870129870e-02 1.1545454545455e-01 2.4805194805195e-02 1.7402597402597e-02 2.9610389610390e-02 3.1818181818182e-02 1.8831168831169e-02 2.4675324675325e-02 2.5194805194805e-02 2.0129870129870e-02 1.0727272727273e-01 1.3428571428571e-01
3.4833333333333e-02 2.4333333333333e-02 1.8166666666667e-02 2.3666666666667e-02 5.0166666666667e-02 4.0333333333333e-02 1.7666666666667e-02 3.1333333333333e-02 2.4500000000000e-02 6.4666666666667e-02 2.5500000000000e-02 2.3000000000000e-02 4.7333333333333e-02 7.3833333333333e-02 5.0666666666667e-02 1.9000000000000e-02 2.0333333333333e-02 2.2666666666667e-02 3.6166666666667e-02 1.9000000000000e-02 1.1566666666667e-01 3.0000000000000e-02 3.4500000000000e-02 8.3500000000000e-02 6.9166666666667e-02
5.1393442622951e-02 6.6721311475410e-02 1.5491803278689e-02 2.7786885245902e-02 2.1147540983607e-02 1.7131147540984e-02 2.8606557377049e-02 1.1581967213115e-01 8.0163934426229e-02 2.5327868852459e-02 2.2459016393443e-02 4.8442622950820e-02 1.9426229508197e-02 2.5409836065574e-02 2.0573770491803e-02 4.8032786885246e-02 2.8278688524590e-02 4.0081967213115e-02 5.0901639344262e-02 5.7295081967213e-02 3.1229508196721e-02 3.0573770491803e-02 2.2295081967213e-02 3.1393442622951e-02 7.4016393442623e-02
2.6666666666667e-02 2.4074074074074e-02 2.2407407407407e-02 2.0740740740741e-02 1.4388888888889e-01 7.2407407407407e-02 2.5185185185185e-02 2.6111111111111e-02 2.8333333333333e-02 2.5185185185185e-02 2.0555555555556e-02 8.3703703703704e-02 5.3518518518519e-02 3.4444444444444e-02 6.8148148148148e-02 2.1666666666667e-02 3.9814814814815e-02 2.0925925925926e-02 2.5555555555556e-02 7.0555555555556e-02 2.7037037037037e-02 2.6111111111111e-02 2.2962962962963e-02 2.3148148148148e-02 4.6851851851852e-02
1.4936708860760e-02 3.5063291139241e-02 2.6202531645570e-02 5.3924050632911e-02 4.5949367088608e-02 5.4430379746836e-02 1.6329113924051e-02 1.9113924050633e-02 2.9113924050633e-02 2.6582278481013e-02 1.6202531645570e-02 4.9367088607595e-02 1.7341772151899e-02 1.8987341772152e-02 1.7746835443038e-01 4.2025316455696e-02 1.9620253164557e-02 6.4683544303798e-02 2.9113924050633e-02 1.7594936708861e-02 8.5696202531645e-02 2.3670886075949e-02 3.9493670886076e-02 4.7594936708861e-02 2.9493670886076e-02
2.2765957446808e-02 3.4255319148936e-02 4.0851063829787e-02 3.2021276595745e-02 8.5744680851064e-02 3.9574468085106e-02 2.2978723404255e-02 1.9574468085106e-02 2.6382978723404e-02 4.9468085106383e-02 2.2446808510638e-02 2.1382978723404e-02 1.9255319148936e-02 2.3085106382979e-02 2.8723404255319e-02 2.7446808510638e-02 1.3404255319149e-01 9.0744680851064e-02 2.3936170212766e-02 2.5319148936170e-02 4.6063829787234e-02 4.3510638297872e-02 3.0851063829787e-02 5.6170212765957e-02 3.3404255319149e-02
1.0000000000000e-02 4.0000000000000e-02 6.0000000000000e-02 4.4656488549618e-02 1.6183206106870e-02 5.2519083969466e-02 1.1473282442748e-01 3.1755725190840e-02 2.1679389312977e-02 9.7862595419847e-02 3.1374045801527e-02 3.0839694656489e-02 3.8167938931298e-02 1.4656488549618e-02 2.3282442748092e-02 4.1984732824428e-02 3.7175572519084e-02 4.1145038167939e-02 3.5648854961832e-02 7.2442748091603e-02 2.1603053435114e-02 2.2519083969466e-02 6.2519083969466e-02 1.5038167938931e-02 2.2213740458015e-02
1.4117647058824e-02 7.1274509803921e-02 1.0294117647059e-02 1.3333333333333e-02 1.2372549019608e-01 1.4509803921569e-02 1.6274509803922e-02 2.6568627450980e-02 1.3823529411765e-02 2.9509803921569e-02 4.5980392156863e-02 2.0196078431373e-02 2.1862745098039e-02 1.8627450980392e-02 1.4274509803922e-01 1.3333333333333e-02 1.3921568627451e-02 2.3529411764706e-02 2.2647058823529e-02 1.5392156862745e-02 3.7843137254902e-02 1.2921568627451e-01 8.5392156862745e-02 6.4117647058823e-02 1.1764705882353e-02
1.8800000000000e-02 6.5200000000000e-02 1.6933333333333e-02 2.4666666666667e-02 1.5200000000000e-02 5.8400000000000e-02 1.5600000000000e-02 1.7866666666667e-02 1.4400000000000e-02 2.7600000000000e-02 1.5866666666667e-02 2.2000000000000e-02 2.6533333333333e-02 8.6533333333333e-02 4.6133333333333e-02 2.4800000000000e-02 1.6826666666667e-01 1.1480000000000e-01 4.4400000000000e-02 2.1866666666667e-02 1.9066666666667e-02 7.6400000000000e-02 1.4400000000000e-02 1.5066666666667e-02 2.9200000000000e-02
2.1294117647059e-02 2.2117647058824e-02 4.0235294117647e-02 1.1117647058824e-01 2.9647058823529e-02 2.3647058823529e-02 3.7058823529412e-02 3.4705882352941e-02 1.4941176470588e-02 1.6117647058824e-02 1.4588235294118e-02 1.9411764705882e-02 3.4352941176471e-02 1.7458823529412e-01 4.2705882352941e-02 6.6823529411765e-02 1.8117647058824e-02 1.5176470588235e-02 2.8941176470588e-02 2.1411764705882e-02 9.3882352941176e-02 5.8352941176471e-02 1.5176470588235e-02 1.6588235294118e-02 2.8941176470588e-02
2.6595744680851e-02 9.1063829787234e-02 4.4255319148936e-02 4.0425531914894e-02 5.7446808510638e-02 2.4042553191489e-02 6.7234042553192e-02 2.6170212765957e-02 4.2340425531915e-02 2.5957446808511e-02 2.3404255319149e-02 2.4468085106383e-02 3.1489361702128e-02 2.7446808510638e-02 2.9361702127660e-02 6.7659574468085e-02 2.4255319148936e-02 3.0000000000000e-02 7.0638297872340e-02 3.1702127659574e-02 4.4255319148936e-02 4.8723404255319e-02 3.5744680851064e-02 3.5744680851064e-02 2.9574468085106e-02
4.9043478260870e-02 3.0000000000000e-02 3.3304347826087e-02 1.0460869565217e-01 3.4173913043478e-02 3.5739130434783e-02 2.8782608695652e-02 2.8782608695652e-02 3.2521739130435e-02 5.3739130434783e-02 2.0000000000000e-02 3.2000000000000e-02 2.7217391304348e-02 1.6782608695652e-02 6.2000000000000e-02 1.7478260869565e-02 2.4521739130435e-02 4.1304347826087e-02 2.1565217391304e-02 9.9043478260870e-02 4.0782608695652e-02 2.7304347826087e-02 6.0869565217391e-02 3.3826086956522e-02 4.4608695652174e-02
2.8823529411765e-02 2.2450980392157e-01 2.4313725490196e-02 1.1764705882353e-02 2.0686274509804e-02 6.2156862745098e-02 1.1666666666667e-02 1.1960784313725e-02 7.0784313725490e-02 4.8725490196078e-02 3.4901960784314e-02 2.1470588235294e-02 1.3529411764706e-02 1.4705882352941e-02 1.6862745098039e-02 1.9509803921569e-02 9.7647058823529e-02 3.0098039215686e-02 8.6078431372549e-02 1.1960784313725e-02 1.9803921568627e-02 2.9607843137255e-02 1.9215686274510e-02 5.3235294117647e-02 1.5980392156863e-02
2.1724137931034e-02 1.9827586206897e-02 2.3965517241379e-02 7.1206896551724e-02 1.6913793103448e-01 1.7413793103448e-02 2.5862068965517e-02 3.1724137931034e-02 1.9827586206897e-02 2.2413793103448e-02 2.3620689655172e-02 2.8275862068965e-02 3.6379310344828e-02 3.9482758620690e-02 2.0517241379310e-02 2.5344827586207e-02 2.7758620689655e-02 2.9482758620690e-02 3.2931034482759e-02 1.0120689655172e-01 2.3103448275862e-02 9.2931034482759e-02 4.9482758620690e-02 2.4482758620690e-02 2.1896551724138e-02
1.0786259541985e-01 1.3740458015267e-02 4.2442748091603e-02 2.5038167938931e-02 8.6564885496183e-02 5.9236641221374e-02 2.8396946564886e-02 6.2290076335878e-02 2.6030534351145e-02 5.0534351145038e-02 1.4885496183206e-02 7.0381679389313e-02 5.3053435114504e-02 1.7022900763359e-02 4.2748091603053e-02 1.9541984732824e-02 5.6106870229008e-02 5.2442748091603e-02 2.2061068702290e-02 1.7938931297710e-02 2.0763358778626e-02 1.2519083969466e-02 1.8396946564885e-02 4.4045801526718e-02 3.5954198473282e-02
